#	D	ID	E	X	Y	Z	Px	Py	Pz	ID0	E0	X0	Y0	Z0	P0x	P0y	P0z
#
# D             Trajectory length [1 Mpc]
# ID/ID0/ID1    Particle type (PDG MC numbering scheme)
# E/E0/E1       Energy [1 EeV]
# X/X0/X1...    Position [1 Mpc]
# Px/P0x/P1x... Heading (unit vector of momentum)
# no index = current, 0 = at source, 1 = at point of creation
#
# CRPropa version: 3.1-254-g8ec321f
#
3.83229E+00	1000010010	3.13177E+01	-2.23340E-01	4.38711E-01	8.74513E-02	-7.61881E-03	-4.26157E-01	-9.04617E-01	1000010010	3.14188E+01	-1.16052E+00	6.98178E-01	3.65729E+00	-2.13616E-02	6.35896E-02	-9.97747E-01
4.40454E+01	1000010010	2.17524E+01	7.79589E-03	-5.49931E-02	-4.96849E-01	-1.03447E-01	2.49017E-01	9.62958E-01	1000010010	2.25765E+01	1.86774E+00	-2.32982E+00	5.20418E+00	-4.87068E-01	-2.44584E-01	-8.38417E-01
4.52498E+00	1000010010	2.61547E+01	-4.14822E-01	-1.51365E-01	-2.34533E-01	9.22318E-01	1.91674E-01	-3.35545E-01	1000010010	2.62550E+01	-3.32074E+00	-1.49615E+00	-2.09147E+00	3.04463E-01	1.13251E-01	9.45768E-01
3.86743E+00	1000010010	8.99717E+01	-3.93293E-01	1.89402E-01	-2.43754E-01	7.16238E-01	3.57799E-01	5.99152E-01	1000010010	9.02167E+01	-3.32074E+00	-1.49615E+00	-2.09147E+00	8.11439E-01	3.70652E-01	4.51868E-01
3.55579E+00	1000010010	2.80358E+01	-8.76626E-02	8.69362E-02	4.84468E-01	2.12582E-01	-7.59154E-01	-6.15218E-01	1000010010	2.81201E+01	-1.16052E+00	6.98178E-01	3.65729E+00	-4.58748E-02	5.26479E-02	-9.97559E-01
2.57042E+00	1000010010	3.19171E+01	4.33247E-01	-4.71049E-02	-2.44927E-01	-9.54921E-01	-5.56994E-02	2.91589E-01	1000010010	3.19861E+01	2.65432E+00	5.58775E-01	-1.28154E+00	-9.01946E-01	-4.24253E-01	-8.06438E-02
5.77396E+00	1000010010	5.90418E+01	-2.24808E-01	-3.11077E-01	3.20429E-01	-3.44375E-01	4.62205E-01	-8.17174E-01	1000010010	6.40692E+01	1.86774E+00	-2.32982E+00	5.20418E+00	-5.99416E-01	1.52374E-01	-7.85800E-01
3.77529E+00	1000010010	5.31928E+01	-4.01669E-02	2.15478E-01	4.49342E-01	-3.04577E-01	-6.60766E-01	-6.86018E-01	1000010010	5.33516E+01	8.60168E-01	1.30959E+00	3.89681E+00	-1.60984E-01	-3.84011E-01	-9.09186E-01
2.58295E+00	1000010010	2.92052E+01	4.21099E-01	1.80625E-01	-1.99953E-01	-9.49813E-01	8.38613E-02	3.01368E-01	1000010010	2.92689E+01	2.65432E+00	5.58775E-01	-1.28154E+00	-9.40351E-01	-2.99417E-01	-1.61523E-01
8.59727E+00	1000010010	2.19969E+01	2.84165E-02	2.56899E-01	4.27998E-01	3.51858E-01	-8.99069E-01	2.60521E-01	1000010010	2.21572E+01	-4.98126E+00	3.74791E+00	2.45565E+00	9.89888E-01	-3.11430E-02	1.38388E-01
3.96712E+00	1000010010	3.03029E+01	-4.34789E-01	5.66842E-03	-2.46687E-01	5.81245E-01	-1.80247E-01	7.93514E-01	1000010010	3.04043E+01	-3.32074E+00	-1.49615E+00	-2.09147E+00	8.09702E-01	5.80640E-01	8.50895E-02
2.59367E+00	1000010010	2.67008E+01	4.79500E-01	1.01286E-01	-9.87015E-02	-9.28744E-01	4.06753E-02	3.68483E-01	1000010010	2.67594E+01	2.65432E+00	5.58775E-01	-1.28154E+00	-9.28158E-01	-3.37965E-01	-1.55890E-01
1.08232E+02	1000010010	2.78763E+01	-8.06751E-03	3.77567E-01	-3.27626E-01	-2.44745E-01	-9.69173E-01	2.83441E-02	1000010010	3.05416E+01	-6.34195E+00	-2.62298E+00	7.41010E+00	7.90451E-01	6.07555E-01	7.78773E-02
2.60557E+00	1000010010	6.94392E+01	3.43653E-01	3.41886E-01	-1.22323E-01	-9.29249E-01	2.77623E-02	3.68409E-01	1000010010	6.95749E+01	2.65432E+00	5.58775E-01	-1.28154E+00	-9.54528E-01	-1.77882E-01	2.39236E-01
3.10490E+01	1000010010	2.52816E+01	-3.82037E-01	-1.93095E-01	2.58299E-01	1.71605E-01	-2.65629E-01	-9.48680E-01	1000010010	2.59546E+01	-2.61891E+00	-7.68981E-01	-3.19218E+00	-8.89839E-01	4.49983E-01	7.55083E-02
8.16847E+00	1000010010	2.08991E+01	-2.06773E-01	3.25327E-01	3.18370E-01	-8.32441E-04	-9.99423E-01	-3.39466E-02	1000010010	2.10435E+01	-4.98126E+00	3.74791E+00	2.45565E+00	2.57032E-01	7.16732E-01	-6.48251E-01
4.04350E+00	1000010010	2.24537E+01	-3.50451E-01	2.94146E-02	-3.55323E-01	6.09973E-01	-3.09489E-01	7.29486E-01	1000010010	2.25306E+01	-3.32074E+00	-1.49615E+00	-2.09147E+00	9.01492E-01	4.08742E-01	1.42271E-01
5.54189E+00	1000010010	2.23001E+01	3.50917E-01	-3.51203E-01	5.92275E-02	-7.89851E-03	5.48827E-01	8.35899E-01	1000010010	2.24047E+01	-2.61891E+00	-7.68981E-01	-3.19218E+00	9.95348E-01	-2.50149E-02	9.30442E-02
2.76091E+00	1000010010	2.01712E+01	3.28900E-01	5.78570E-02	-3.72046E-01	-9.87100E-01	6.37160E-02	1.46882E-01	1000010010	2.02180E+01	2.65432E+00	5.58775E-01	-1.28154E+00	-7.59679E-01	-2.45078E-01	-6.02350E-01
2.64365E+00	1000010010	2.61371E+01	3.62295E-01	-9.74382E-02	-3.30514E-01	-9.78883E-01	4.72896E-04	2.04419E-01	1000010010	2.61956E+01	2.65432E+00	5.58775E-01	-1.28154E+00	-8.26119E-01	-5.12988E-01	-2.33175E-01
2.67056E+00	1000010010	2.17048E+01	4.08218E-01	-1.35791E-01	-2.54766E-01	-9.68044E-01	-2.33722E-02	2.49687E-01	1000010010	2.17537E+01	2.65432E+00	5.58775E-01	-1.28154E+00	-7.70354E-01	-5.44626E-01	-3.31567E-01
6.96241E+00	1000010010	2.13687E+01	-1.50896E-01	3.09561E-01	3.62445E-01	-3.69940E-01	-5.06550E-01	-7.78814E-01	1000010010	2.14946E+01	1.86774E+00	-2.32982E+00	5.20418E+00	1.96152E-01	8.81831E-01	-4.28834E-01
6.20060E+00	1000010010	4.07286E+01	7.14765E-02	-1.27310E-01	4.78147E-01	-8.83019E-02	-3.69378E-01	-9.25074E-01	1000010010	4.09365E+01	1.86774E+00	-2.32982E+00	5.20418E+00	-5.55610E-01	6.06055E-01	-5.69206E-01
3.18532E+00	1000010010	2.44068E+01	4.81956E-02	-2.32143E-01	-4.40194E-01	-9.38467E-01	2.87264E-01	1.91725E-01	1000010010	2.44727E+01	2.65432E+00	5.58775E-01	-1.28154E+00	-4.25057E-01	-8.95286E-01	-1.33378E-01
3.92137E+00	1000010010	4.08498E+01	-4.95137E-01	-6.75114E-02	-1.65442E-02	6.72174E-01	2.64241E-01	6.91635E-01	1000010010	4.09815E+01	-3.32074E+00	-1.49615E+00	-2.09147E+00	7.88880E-01	4.77472E-02	6.12689E-01
9.85190E+01	1000010010	6.13262E+01	-3.10231E-01	-3.91810E-01	-1.37992E-02	6.18397E-01	4.66516E-01	6.32414E-01	1000010010	6.61152E+01	-4.07887E+01	-5.56052E+01	2.99898E+01	6.31168E-01	-5.90480E-01	-5.02951E-01
2.59341E+00	1000010010	3.04018E+01	4.82405E-01	-7.70791E-02	-1.06201E-01	-9.16712E-01	-1.06433E-01	3.85111E-01	1000010010	3.04683E+01	2.65432E+00	5.58775E-01	-1.28154E+00	-9.04691E-01	-4.24282E-01	-3.89781E-02
3.74629E+00	1000000010	1.34978E+02	2.83169E-01	1.45435E-01	3.85464E-01	-1.41850E-01	-3.38113E-01	-9.30354E-01	1000010010	2.00499E+02	8.60168E-01	1.30959E+00	3.89681E+00	-1.40791E-01	-3.20251E-01	-9.36812E-01
9.92900E+00	1000010010	3.80357E+01	-1.72981E-01	2.58338E-01	-3.91583E-01	9.32061E-01	-3.19082E-01	1.71609E-01	1000010010	3.83494E+01	-7.12765E+00	-1.32533E+00	4.62603E+00	4.66991E-01	8.32683E-01	-2.97588E-01
2.59492E+00	1000010010	3.22234E+01	4.48398E-01	-1.23152E-01	-1.83703E-01	-9.35978E-01	-1.13491E-01	3.33263E-01	1000010010	3.22937E+01	2.65432E+00	5.58775E-01	-1.28154E+00	-8.87451E-01	-4.59653E-01	-3.39057E-02
2.87400E+00	1000010010	2.27548E+01	1.08813E-01	9.10494E-02	-4.79425E-01	-9.85871E-01	1.03343E-01	1.31825E-01	1000010010	2.28101E+01	2.65432E+00	5.58775E-01	-1.28154E+00	-7.91973E-01	-2.94865E-01	-5.34633E-01
6.00689E+01	1000010010	2.64455E+01	1.84732E-01	-4.14590E-01	2.09693E-01	2.43803E-01	-3.35072E-02	-9.69246E-01	1000010010	2.78236E+01	-5.47967E+00	-1.88202E+00	5.22219E+00	-7.33681E-01	-6.69671E-01	1.15125E-01
2.56430E+00	1000010010	4.85151E+01	4.29877E-01	2.38137E-01	-9.17259E-02	-9.25384E-01	3.87891E-02	3.77042E-01	1000010010	4.86150E+01	2.65432E+00	5.58775E-01	-1.28154E+00	-9.52954E-01	-2.53516E-01	1.66161E-01
8.74492E+00	1000010010	2.06995E+01	-2.48543E-01	5.36431E-02	4.30496E-01	7.91075E-01	-6.07180E-01	-7.43853E-02	1000010010	2.08525E+01	-5.47967E+00	-1.88202E+00	5.22219E+00	4.77754E-01	8.58540E-01	-1.86176E-01
8.00597E+00	1000010010	4.50239E+01	-2.15421E-01	2.26299E-01	3.90277E-01	8.51399E-01	-3.13763E-01	-4.20324E-01	1000010010	4.53170E+01	-5.47967E+00	-1.88202E+00	5.22219E+00	2.58531E-01	5.92012E-01	-7.63337E-01
4.12870E+00	1000010010	3.57104E+01	-3.46145E-01	-2.31916E-01	-2.76243E-01	6.60755E-01	2.28903E-01	7.14847E-01	1000010010	3.58334E+01	-3.32074E+00	-1.49615E+00	-2.09147E+00	7.78038E-01	-2.51428E-01	5.75709E-01
4.20122E+02	1000010010	2.02221E+01	4.82757E-02	4.59371E-01	1.91373E-01	4.27612E-01	-3.74921E-01	-8.22546E-01	1000010010	2.88389E+01	1.30458E+01	1.12092E+01	-3.98931E-03	-1.56667E-01	-1.88134E-01	-9.69567E-01
8.26930E+00	1000010010	2.00941E+01	-9.72527E-02	4.17070E-01	2.57995E-01	-7.96888E-02	-9.77707E-01	-1.94263E-01	1000010010	2.02342E+01	-4.98126E+00	3.74791E+00	2.45565E+00	2.68610E-01	7.07186E-01	-6.54015E-01
8.43516E+00	1000010010	2.56361E+01	-1.22048E-01	3.16517E-01	3.67189E-01	4.57857E-01	-6.01392E-01	-6.54747E-01	1000010010	2.58197E+01	-5.47967E+00	-1.88202E+00	5.22219E+00	2.40948E-01	9.02654E-01	-3.56593E-01
2.94743E+00	1000010010	2.48732E+01	3.26591E-02	3.60324E-01	-3.45109E-01	-9.62525E-01	2.29622E-02	2.70219E-01	1000010010	2.49353E+01	2.65432E+00	5.58775E-01	-1.28154E+00	-8.56994E-01	-1.52552E-01	-4.92229E-01
5.23060E+00	1000010010	2.15538E+01	1.99520E-01	-4.47645E-01	9.89328E-02	1.60021E-01	7.99972E-01	5.78307E-01	1000010010	2.16491E+01	-2.61891E+00	-7.68981E-01	-3.19218E+00	3.64018E-01	-2.21047E-01	9.04781E-01
4.03716E+00	1000010010	8.03597E+01	-3.95616E-01	5.43368E-03	3.05695E-01	-2.97021E-01	-5.41431E-01	-7.86531E-01	1000010010	8.05948E+01	8.60168E-01	1.30959E+00	3.89681E+00	-2.19125E-01	-4.20110E-01	-8.80620E-01
5.07030E+00	1000010010	2.19912E+01	2.99275E-01	-3.95356E-01	-6.40425E-02	2.82794E-01	7.20602E-01	-6.33057E-01	1000010010	2.20855E+01	-1.16052E+00	6.98178E-01	3.65729E+00	-2.13015E-01	-6.95174E-02	-9.74573E-01
3.65481E+00	1000010010	2.82013E+01	6.79989E-02	4.86824E-02	4.92937E-01	2.28347E-01	-8.51180E-01	-4.72600E-01	1000010010	2.82885E+01	-1.16052E+00	6.98178E-01	3.65729E+00	-2.31263E-02	6.11689E-02	-9.97859E-01
1.60588E+01	1000010010	2.22403E+01	4.46813E-01	2.23248E-01	-2.26984E-02	-9.84538E-01	1.11613E-01	1.35010E-01	1000010010	2.25440E+01	8.60168E-01	1.30959E+00	3.89681E+00	-4.50144E-01	7.13839E-01	-5.36474E-01
2.79652E+00	1000010010	2.41913E+01	1.67686E-01	7.66242E-03	-4.70967E-01	-9.88917E-01	1.03176E-01	1.06761E-01	1000010010	2.42486E+01	2.65432E+00	5.58775E-01	-1.28154E+00	-8.05021E-01	-4.20592E-01	-4.18382E-01
8.83846E+00	1000010010	2.16062E+01	-4.09857E-01	2.86065E-01	1.26810E-02	9.96804E-01	-7.48141E-02	2.80269E-02	1000010010	2.17679E+01	-7.75531E+00	1.35758E+00	1.90321E+00	9.24219E-01	-1.76793E-01	-3.38472E-01
4.16789E+00	1000010010	2.72089E+01	-6.56810E-02	1.78529E-01	-4.62362E-01	8.37365E-01	-1.09717E-01	5.35520E-01	1000010010	2.73049E+01	-3.32074E+00	-1.49615E+00	-2.09147E+00	8.94722E-01	4.09668E-01	1.77891E-01
3.50617E+00	1000010010	4.47059E+01	-9.15990E-02	-9.35347E-02	4.82547E-01	3.79832E-01	-6.07253E-01	-6.97833E-01	1000010010	4.48333E+01	-1.16052E+00	6.98178E-01	3.65729E+00	7.95982E-02	-5.13665E-02	-9.95503E-01
2.75056E+00	1000010010	4.81329E+01	1.35186E-01	-7.56528E-02	-4.75359E-01	-9.83319E-01	-4.21967E-02	1.76929E-01	1000010010	4.82393E+01	2.65432E+00	5.58775E-01	-1.28154E+00	-9.09869E-01	-4.14084E-01	-2.59481E-02
2.75100E+00	1000010010	2.81581E+01	2.08810E-01	-7.98812E-02	-4.47191E-01	-9.86668E-01	8.89856E-02	1.36266E-01	1000010010	2.82236E+01	2.65432E+00	5.58775E-01	-1.28154E+00	-7.94191E-01	-5.65266E-01	-2.23012E-01
1.26304E+02	1000010010	2.36828E+01	-1.92965E-02	4.30041E-01	-2.54307E-01	-5.83135E-01	-4.89684E-01	6.48200E-01	1000010010	2.63541E+01	2.65432E+00	5.58775E-01	-1.28154E+00	-1.95351E-01	9.58744E-01	-2.06514E-01
2.71148E+00	1000010010	2.30199E+01	4.77036E-01	-1.49491E-01	8.92515E-03	-8.81950E-01	-1.64634E-01	4.41657E-01	1000010010	2.30727E+01	2.65432E+00	5.58775E-01	-1.28154E+00	-8.76938E-01	-4.33086E-01	-2.08367E-01
4.59525E+00	1000010010	4.11603E+01	-2.49240E-01	-1.29084E-01	4.13759E-01	9.34611E-01	3.53349E-01	4.05781E-02	1000010010	4.13157E+01	-3.32074E+00	-1.49615E+00	-2.09147E+00	2.95117E-01	3.18171E-01	9.00929E-01
2.00518E+01	1000010010	3.05992E+01	2.57304E-01	-3.12216E-01	2.93664E-01	-6.86849E-01	3.65995E-01	-6.27922E-01	1000010010	3.11198E+01	-5.47967E+00	-1.88202E+00	5.22219E+00	4.52722E-01	4.98497E-01	7.39286E-01
1.89338E+01	1000010010	2.23830E+01	-3.54579E-03	1.92039E-01	4.61557E-01	-2.11664E-01	-5.80654E-01	-7.86154E-01	1000010010	2.27439E+01	-6.34195E+00	-2.62298E+00	7.41010E+00	9.41917E-01	-1.05623E-01	-3.18805E-01
4.90249E+00	1000010010	2.77661E+01	-2.18214E-01	-4.45252E-01	-6.40518E-02	6.17682E-01	3.28651E-01	7.14463E-01	1000010010	2.78814E+01	-2.61891E+00	-7.68981E-01	-3.19218E+00	1.05925E-01	-1.76195E-01	9.78639E-01
1.18252E+01	1000010010	2.55474E+01	-1.58038E-01	1.67647E-02	4.74060E-01	3.76188E-01	3.24473E-02	-9.25975E-01	1000010010	2.58043E+01	-6.11974E+00	1.31430E+00	9.16687E+00	6.29184E-01	-6.17438E-01	-4.72120E-01
3.35620E+01	1000010010	3.09468E+01	-4.10036E-02	4.35596E-02	4.96375E-01	-4.08330E-01	-1.94125E-01	-8.91954E-01	1000010010	3.18323E+01	-8.19431E+00	4.63785E+00	1.37925E+01	6.57098E-01	5.84913E-01	4.75498E-01
2.69141E+00	1000010010	2.49151E+01	4.46184E-01	2.21838E-01	4.06014E-02	-9.10695E-01	1.68540E-01	3.77133E-01	1000010010	2.49719E+01	2.65432E+00	5.58775E-01	-1.28154E+00	-9.38803E-01	-3.03317E-01	-1.63242E-01
1.65926E+01	1000010010	2.44012E+01	-3.36111E-01	3.26435E-01	1.74534E-01	9.67959E-01	4.52699E-02	2.46992E-01	1000010010	2.47462E+01	2.65432E+00	5.58775E-01	-1.28154E+00	-3.12521E-01	-6.72659E-01	-6.70717E-01
1.70610E+01	1000010010	2.71154E+01	-2.42253E-01	2.53402E-01	3.56504E-01	1.89862E-01	-8.96550E-01	-4.00188E-01	1000010010	2.75094E+01	-2.61891E+00	-7.68981E-01	-3.19218E+00	-1.89731E-01	8.88026E-01	-4.18822E-01
4.35251E+00	1000010010	4.03095E+01	-3.84962E-01	-1.49877E-01	2.81669E-01	8.83976E-01	-2.96454E-02	4.66592E-01	1000010010	4.04540E+01	-3.32074E+00	-1.49615E+00	-2.09147E+00	3.35896E-01	7.53531E-01	5.65123E-01
2.79410E+00	1000010010	2.21366E+01	4.55501E-01	-1.22003E-01	-1.65947E-01	-8.79225E-01	1.43985E-01	4.54128E-01	1000010010	2.21889E+01	2.65432E+00	5.58775E-01	-1.28154E+00	-5.39457E-01	-8.25240E-01	-1.67226E-01
1.81100E+01	1000010010	3.20428E+01	7.73962E-03	-4.94781E-01	7.12472E-02	1.23900E-01	5.98305E-01	-7.91631E-01	1000010010	3.25335E+01	-8.19431E+00	4.63785E+00	1.37925E+01	8.82633E-01	3.63792E-02	-4.68653E-01
9.05923E+01	1000010010	2.09344E+01	-3.29441E-01	2.67332E-01	-2.64451E-01	5.33822E-01	-8.44064E-01	5.08993E-02	1000010010	2.25973E+01	8.60168E-01	1.30959E+00	3.89681E+00	-5.21765E-01	4.69836E-01	7.12050E-01
2.72469E+00	1000010010	2.82852E+01	3.62925E-01	-2.54001E-01	-2.31818E-01	-9.48988E-01	-5.80093E-02	3.09931E-01	1000010010	2.83503E+01	2.65432E+00	5.58775E-01	-1.28154E+00	-7.39291E-01	-6.67481E-01	-8.89807E-02
8.87902E+00	1000010010	2.28799E+01	2.58238E-01	4.06880E-01	-1.33221E-01	6.51270E-01	-7.27255E-01	-2.16672E-01	1000010010	2.30522E+01	-4.98126E+00	3.74791E+00	2.45565E+00	2.39361E-01	7.92115E-01	-5.61481E-01
3.02936E+01	1000010010	2.01596E+01	-3.49688E-01	-2.07544E-01	-2.90812E-01	2.59825E-01	2.67360E-01	9.27906E-01	1000010010	2.06798E+01	8.60168E-01	1.30959E+00	3.89681E+00	2.95343E-01	4.23910E-01	8.56197E-01
2.69704E+00	1000010010	2.60771E+01	4.31298E-01	-2.35783E-01	-9.11673E-02	-9.09489E-01	-1.69346E-01	3.79673E-01	1000010010	2.61367E+01	2.65432E+00	5.58775E-01	-1.28154E+00	-8.34275E-01	-5.39574E-01	-1.13339E-01
1.64840E+01	1000010010	2.31502E+01	-2.75290E-01	-3.16080E-01	2.72593E-01	6.78595E-01	1.11508E-01	7.25999E-01	1000010010	2.34752E+01	-7.12765E+00	-1.32533E+00	4.62603E+00	-9.26469E-01	1.14171E-02	-3.76199E-01
2.68938E+00	1000010010	3.70326E+01	2.42508E-01	-1.05255E-01	-4.24376E-01	-9.85021E-01	-2.22962E-02	1.70985E-01	1000010010	3.71153E+01	2.65432E+00	5.58775E-01	-1.28154E+00	-8.74117E-01	-4.77831E-01	-8.71534E-02
7.87866E+00	1000010010	3.70894E+01	-6.24952E-02	2.66724E-01	4.18209E-01	4.86073E-01	-2.82002E-01	-8.27168E-01	1000010010	3.73326E+01	-5.47967E+00	-1.88202E+00	5.22219E+00	8.08434E-01	4.91719E-01	-3.23491E-01
4.63549E+00	1000010010	3.16892E+01	-1.18743E-01	-4.81979E-01	-5.99569E-02	9.37010E-01	-1.55163E-01	-3.12948E-01	1000010010	3.18129E+01	-3.32074E+00	-1.49615E+00	-2.09147E+00	2.14138E-01	3.57460E-01	9.09047E-01
3.80210E+00	1000010010	7.62213E+01	3.20609E-01	7.05833E-02	3.77094E-01	-9.97375E-02	-6.27627E-01	-7.72099E-01	1000010010	7.64340E+01	8.60168E-01	1.30959E+00	3.89681E+00	-1.15825E-01	-3.39897E-01	-9.33303E-01
6.73584E+00	1000010010	2.59212E+01	1.84995E-03	4.34209E-01	2.47877E-01	-3.67884E-01	1.08322E-01	-9.23541E-01	1000010010	2.60694E+01	1.86774E+00	-2.32982E+00	5.20418E+00	6.83065E-01	5.64906E-01	-4.62929E-01
1.93685E+02	1000010010	2.24922E+01	-4.79245E-01	1.24741E-01	6.85834E-02	6.89057E-01	-6.64348E-01	-2.89555E-01	1000010010	2.64966E+01	-6.34195E+00	-2.62298E+00	7.41010E+00	-1.15980E-01	7.17373E-01	-6.86968E-01
2.06390E+01	1000010010	3.54918E+01	8.29980E-02	-4.07947E-01	2.76923E-01	-3.98140E-01	4.66095E-02	-9.16140E-01	1000010010	3.61070E+01	-6.11974E+00	1.31430E+00	9.16687E+00	9.11125E-01	-2.73012E-01	3.08733E-01
2.79941E+00	1000010010	2.67850E+01	4.17388E-01	-2.56742E-01	9.93249E-02	-8.44152E-01	-2.43417E-01	4.77656E-01	1000010010	2.68485E+01	2.65432E+00	5.58775E-01	-1.28154E+00	-8.74876E-01	-4.82165E-01	-4.59272E-02
9.80390E+00	1000010010	3.42163E+01	-2.07956E-01	4.18032E-01	1.78878E-01	8.53646E-01	-1.25516E-01	5.05504E-01	1000010010	3.44977E+01	-7.12765E+00	-1.32533E+00	4.62603E+00	3.69930E-01	6.98645E-01	-6.12411E-01
8.34576E+00	1000010010	2.21977E+01	-3.13392E-01	3.33538E-01	2.01182E-01	6.20659E-01	-7.72617E-01	1.33586E-01	1000010010	2.23547E+01	-4.98126E+00	3.74791E+00	2.45565E+00	9.83803E-01	-4.40287E-02	1.73764E-01
6.15911E+00	1000010010	2.85141E+01	1.54245E-01	-4.68226E-01	8.34202E-02	-7.11599E-01	3.60214E-01	-6.03219E-01	1000010010	2.86627E+01	1.86774E+00	-2.32982E+00	5.20418E+00	-3.67181E-01	-5.78367E-02	-9.28350E-01
1.59251E+01	1000010010	3.00286E+01	-3.92955E-01	-1.01057E-01	2.92118E-01	1.23875E-01	4.13082E-01	-9.02230E-01	1000010010	3.04342E+01	6.48707E+00	4.65064E+00	7.27527E+00	-5.52932E-01	-7.70138E-01	3.18047E-01
8.58289E+00	1000010010	2.12575E+01	6.90012E-02	4.24047E-01	2.55768E-01	5.11167E-01	-8.59305E-01	1.74064E-02	1000010010	2.14119E+01	-4.98126E+00	3.74791E+00	2.45565E+00	9.89281E-01	-1.12454E-01	9.31458E-02
4.41178E+00	1000010010	2.05541E+01	-4.77405E-01	-3.05473E-03	1.48326E-01	8.66687E-01	4.30552E-01	-2.51949E-01	1000010010	2.06306E+01	-3.32074E+00	-1.49615E+00	-2.09147E+00	4.21153E-01	3.22514E-02	9.06416E-01
2.56813E+01	1000010010	2.26089E+01	1.56997E-01	-2.78997E-01	-3.84026E-01	-8.55693E-01	-2.59288E-01	4.47838E-01	1000010010	2.31050E+01	-7.75531E+00	1.35758E+00	1.90321E+00	1.89649E-01	-9.49105E-01	2.51461E-01
2.78712E+00	1000010010	2.34519E+01	4.10360E-01	-2.85507E-01	9.03337E-03	-8.75216E-01	-2.26694E-01	4.27325E-01	1000010010	2.35072E+01	2.65432E+00	5.58775E-01	-1.28154E+00	-8.27632E-01	-5.37019E-01	-1.63204E-01
8.39752E+02	1000010010	2.44032E+01	3.35617E-01	-3.03161E-01	2.13123E-01	-8.44795E-01	5.30086E-01	7.30112E-02	1000010010	5.83132E+01	-7.12765E+00	-1.32533E+00	4.62603E+00	-5.93814E-01	-3.48807E-01	7.25064E-01
8.34451E+00	1000010010	3.15550E+01	1.88804E-01	-3.92880E-01	2.44890E-01	3.81715E-01	2.30948E-01	-8.94962E-01	1000010010	3.17770E+01	-5.47967E+00	-1.88202E+00	5.22219E+00	7.92718E-01	5.68714E-01	-2.19458E-01
1.84861E+02	1000010010	2.05014E+01	-4.94233E-01	5.16142E-02	5.52830E-02	8.73946E-01	2.78594E-01	3.98250E-01	1000010010	2.39640E+01	1.86774E+00	-2.32982E+00	5.20418E+00	3.38971E-01	4.80974E-01	-8.08556E-01
4.37245E+00	1000010010	2.50935E+01	-4.74319E-01	-1.39641E-01	-7.37741E-02	9.27203E-01	2.39783E-01	-2.87748E-01	1000010010	2.51865E+01	-3.32074E+00	-1.49615E+00	-2.09147E+00	3.35520E-01	1.18956E-01	9.34492E-01
5.26136E+00	1000010010	2.26286E+01	3.50669E-01	-3.40636E-01	-1.04765E-01	2.76377E-01	8.42813E-01	4.61824E-01	1000010010	2.27294E+01	-2.61891E+00	-7.68981E-01	-3.19218E+00	3.26185E-01	-2.01522E-01	9.23576E-01
2.77875E+00	1000010010	2.24780E+01	4.28688E-01	-2.56845E-01	1.56693E-02	-8.74808E-01	-2.24869E-01	4.29122E-01	1000010010	2.25308E+01	2.65432E+00	5.58775E-01	-1.28154E+00	-8.40999E-01	-4.98760E-01	-2.09664E-01
5.75435E+01	1000010010	2.80444E+01	-1.36445E-01	2.32005E-01	-4.21334E-01	4.05970E-01	1.48772E-01	9.01696E-01	1000010010	2.94403E+01	-1.16052E+00	6.98178E-01	3.65729E+00	-7.94863E-01	-4.27049E-01	-4.31071E-01
2.87481E+00	1000010010	2.00918E+01	4.18489E-01	-2.55486E-01	9.78632E-02	-8.47070E-01	-2.60856E-01	4.63061E-01	1000010010	2.01404E+01	2.65432E+00	5.58775E-01	-1.28154E+00	-8.42693E-01	-4.20434E-01	-3.36308E-01
4.04947E+00	1000010010	2.45798E+01	-4.74981E-01	3.54040E-02	-1.52036E-01	4.77569E-01	-1.60006E-01	8.63901E-01	1000010010	2.46642E+01	-3.32074E+00	-1.49615E+00	-2.09147E+00	8.71072E-01	4.69556E-01	1.44054E-01
2.71695E+00	1000010010	2.02783E+01	3.87475E-01	-3.72309E-02	-3.13753E-01	-9.84078E-01	-6.48159E-03	1.77617E-01	1000010010	2.03246E+01	2.65432E+00	5.58775E-01	-1.28154E+00	-7.80691E-01	-3.20979E-01	-5.36184E-01
2.77085E+00	1000010010	2.63444E+01	3.95108E-01	-3.04178E-01	-3.69465E-02	-8.87394E-01	-2.01498E-01	4.14644E-01	1000010010	2.64063E+01	2.65432E+00	5.58775E-01	-1.28154E+00	-8.06226E-01	-5.85774E-01	-8.28740E-02
4.37191E+00	1000010010	2.90017E+01	-4.70715E-01	-2.84738E-02	1.65953E-01	8.68145E-01	4.51447E-01	-2.06202E-01	1000010010	2.91089E+01	-3.32074E+00	-1.49615E+00	-2.09147E+00	3.70627E-01	1.55205E-01	9.15722E-01
5.38807E+01	1000010010	2.20677E+01	-3.95116E-01	-1.90336E-01	2.39971E-01	4.90161E-01	2.66098E-01	-8.30021E-01	1000010010	2.30954E+01	-3.32074E+00	-1.49615E+00	-2.09147E+00	7.00722E-01	-2.83908E-02	7.12870E-01
4.08258E+00	1000010010	3.28612E+01	-4.83818E-01	-1.23699E-01	-2.41195E-02	6.29991E-01	2.25442E-01	7.43161E-01	1000010010	3.29739E+01	-3.32074E+00	-1.49615E+00	-2.09147E+00	7.62278E-01	-1.45874E-01	6.30597E-01
2.79613E+00	1000010010	2.63381E+01	1.47491E-01	-1.06518E-02	-4.77626E-01	-9.87231E-01	1.08449E-01	1.16679E-01	1000010010	2.64005E+01	2.65432E+00	5.58775E-01	-1.28154E+00	-8.15370E-01	-4.74557E-01	-3.31613E-01
3.88831E+01	1000010010	2.35994E+01	-3.63915E-01	-8.72308E-02	3.31537E-01	4.57568E-01	8.88912E-01	2.16359E-02	1000010010	2.43887E+01	-1.16052E+00	6.98178E-01	3.65729E+00	-8.17309E-01	-6.61818E-02	-5.72386E-01
1.16040E+01	1000010010	4.59181E+01	-4.37389E-01	-2.32579E-02	-2.41129E-01	7.70640E-01	4.08673E-02	-6.35959E-01	1000010010	4.63507E+01	-6.11974E+00	1.31430E+00	9.16687E+00	3.36946E-01	-5.22532E-01	-7.83216E-01
5.78934E+00	1000010010	8.40910E+01	2.85617E-01	-4.07928E-01	4.43167E-02	-3.00275E-01	4.53301E-01	-8.39258E-01	1000010010	8.44400E+01	1.86774E+00	-2.32982E+00	5.20418E+00	-4.76055E-01	1.84182E-01	-8.59912E-01
1.62987E+01	1000010010	3.12671E+01	4.20335E-01	-2.20227E-01	1.57379E-01	-9.95871E-01	3.94726E-02	8.17531E-02	1000010010	3.16984E+01	1.26904E+01	6.12381E+00	3.42080E+00	-1.67252E-01	-5.68322E-01	-8.05628E-01
6.61134E+00	1000010010	4.39730E+01	3.85641E-02	4.07697E-01	2.86767E-01	5.02504E-01	-6.61876E-01	-5.56246E-01	1000010010	4.42100E+01	-4.98126E+00	3.74791E+00	2.45565E+00	5.94499E-01	-7.22031E-01	-3.53896E-01
2.14171E+01	1000010010	2.04719E+01	-3.13448E-01	-3.14595E-01	-2.29694E-01	8.94053E-01	2.32281E-01	3.83034E-01	1000010010	2.08443E+01	-7.12765E+00	-1.32533E+00	4.62603E+00	-1.37175E-01	-6.74063E-01	-7.25825E-01
6.65185E+00	1000010010	2.59279E+01	-4.21083E-02	-4.97852E-01	1.87703E-02	-2.98719E-01	2.41462E-01	-9.23289E-01	1000010010	2.60742E+01	1.86774E+00	-2.32982E+00	5.20418E+00	-6.87844E-01	3.87574E-01	-6.13723E-01
1.91898E+01	1000010010	2.34344E+01	2.18646E-01	4.40820E-01	8.83693E-02	-8.59648E-02	-9.16422E-01	-3.90872E-01	1000010010	2.38179E+01	-7.12765E+00	-1.32533E+00	4.62603E+00	-5.59004E-01	8.03589E-01	-2.04348E-01
2.84046E+00	1000010010	2.47059E+01	3.84533E-01	-3.19343E-01	-1.15345E-02	-8.67211E-01	-1.32846E-01	4.79893E-01	1000010010	2.47654E+01	2.65432E+00	5.58775E-01	-1.28154E+00	-6.87717E-01	-7.19599E-01	-9.60393E-02
5.35622E+01	1000010010	2.36043E+01	-2.28716E-01	-2.58741E-01	3.61519E-01	3.72657E-01	9.07134E-01	1.95536E-01	1000010010	2.46987E+01	1.86774E+00	-2.32982E+00	5.20418E+00	-1.56007E-01	-5.46464E-01	-8.22824E-01
2.97560E+00	1000010010	2.47285E+01	-1.98342E-02	2.42569E-01	-4.36761E-01	-9.66385E-01	3.53388E-02	2.54660E-01	1000010010	2.47909E+01	2.65432E+00	5.58775E-01	-1.28154E+00	-8.30465E-01	-2.03764E-01	-5.18467E-01
3.77941E+00	1000000010	1.95875E+02	-1.41805E-01	2.45773E-01	4.11674E-01	-2.67208E-01	-2.90115E-01	-9.18930E-01	1000010010	3.83504E+02	8.60168E-01	1.30959E+00	3.89681E+00	-2.50206E-01	-3.03652E-01	-9.19343E-01
2.70911E+00	1000010010	2.49850E+01	2.88975E-01	-7.21635E-02	-4.01575E-01	-9.81003E-01	1.06422E-01	1.62195E-01	1000010010	2.50423E+01	2.65432E+00	5.58775E-01	-1.28154E+00	-7.54525E-01	-6.00015E-01	-2.65845E-01
4.10362E+00	1000010010	2.17144E+01	-4.68632E-01	-9.96252E-02	-1.42946E-01	4.49183E-01	-3.54808E-01	8.19967E-01	1000010010	2.17897E+01	-3.32074E+00	-1.49615E+00	-2.09147E+00	8.86029E-01	4.51381E-01	1.05863E-01
2.21503E+01	1000010010	2.06514E+01	-4.33632E-02	-3.79536E-01	3.22598E-01	2.88226E-02	2.59568E-01	-9.65295E-01	1000010010	2.10403E+01	-2.61891E+00	-7.68981E-01	-3.19218E+00	-8.33066E-01	-3.61020E-02	5.51995E-01
2.76218E+00	1000010010	2.67202E+01	4.02969E-01	-2.94679E-01	-2.77949E-02	-8.84044E-01	-2.11477E-01	4.16825E-01	1000010010	2.67827E+01	2.65432E+00	5.58775E-01	-1.28154E+00	-8.24512E-01	-5.60912E-01	-7.45495E-02
4.21978E+01	1000010010	2.30585E+01	1.70194E-01	2.34561E-01	-4.07441E-01	-7.05645E-01	-6.88227E-02	7.05216E-01	1000010010	2.38964E+01	-4.98126E+00	3.74791E+00	2.45565E+00	-7.67516E-01	-5.72623E-01	2.88136E-01
5.73168E+01	1000010010	2.23187E+01	-3.18657E-02	4.07374E-01	-2.88114E-01	-2.65170E-01	-7.95813E-01	-5.44396E-01	1000010010	2.34265E+01	-6.11974E+00	1.31430E+00	9.16687E+00	9.95976E-02	-8.27224E-01	-5.52974E-01
4.29425E+00	1000010010	3.50265E+01	-4.65064E-01	-1.34912E-01	1.24341E-01	8.02064E-01	-2.07904E-01	5.59883E-01	1000010010	3.51521E+01	-3.32074E+00	-1.49615E+00	-2.09147E+00	3.88039E-01	8.31307E-01	3.97936E-01
5.31438E+01	1000010010	2.25919E+01	1.34478E-01	-7.73806E-02	4.75236E-01	-6.32488E-01	1.58558E-03	-7.74568E-01	1000010010	2.36302E+01	1.02554E+01	1.38098E+01	-1.25621E+01	-9.34927E-01	-2.77500E-01	-2.21144E-01
2.31416E+01	1000010010	2.14702E+01	4.78209E-01	-3.98232E-02	1.40329E-01	-3.31478E-01	7.45193E-01	-5.78628E-01	1000010010	2.18935E+01	-5.47967E+00	-1.88202E+00	5.22219E+00	2.32212E-01	-2.19867E-01	9.47489E-01
7.37782E+01	1000010010	2.07297E+01	-1.51515E-02	4.61802E-01	1.90982E-01	-3.39149E-01	-9.40542E-01	1.89574E-02	1000010010	2.20603E+01	2.65432E+00	5.58775E-01	-1.28154E+00	5.96434E-02	8.05179E-01	5.90025E-01
7.81245E+00	1000010010	2.57931E+01	-3.82065E-01	2.72613E-01	1.72270E-01	6.26944E-01	4.20792E-01	-6.55648E-01	1000010010	2.59642E+01	-5.47967E+00	-1.88202E+00	5.22219E+00	1.03733E-01	5.70903E-01	-8.14438E-01
2.69014E+00	1000010010	3.48589E+01	4.74848E-01	-1.32256E-01	8.36674E-02	-8.52762E-01	-1.77581E-01	4.91185E-01	1000010010	3.49372E+01	2.65432E+00	5.58775E-01	-1.28154E+00	-9.02839E-01	-4.15964E-01	1.08882E-01
1.66378E+02	1000010010	2.00019E+01	3.39149E-01	-3.06820E-01	2.02007E-01	-3.09473E-01	9.44518E-01	1.10057E-01	1000010010	2.30140E+01	-4.98126E+00	3.74791E+00	2.45565E+00	2.55831E-01	-5.37390E-01	8.03594E-01
1.11084E+01	1000010010	3.08761E+01	5.02925E-02	-5.97891E-02	4.93813E-01	5.15073E-01	-4.33114E-01	-7.39670E-01	1000010010	3.11659E+01	-7.77426E+00	1.36205E+00	1.82090E+00	3.33825E-01	-2.67168E-01	9.03981E-01
2.62923E+00	1000010010	2.34422E+01	4.90711E-01	6.95026E-03	-9.53564E-02	-9.24847E-01	-2.63886E-02	3.79423E-01	1000010010	2.34944E+01	2.65432E+00	5.58775E-01	-1.28154E+00	-8.94278E-01	-3.61642E-01	-2.63595E-01
2.76474E+00	1000010010	3.96964E+01	9.48031E-02	2.15653E-01	-4.41010E-01	-9.69439E-01	1.35667E-02	2.44957E-01	1000010010	3.97869E+01	2.65432E+00	5.58775E-01	-1.28154E+00	-9.52990E-01	-2.57326E-01	-1.59981E-01
9.12227E+01	1000010010	2.07771E+01	-2.01058E-01	-1.58031E-01	4.29618E-01	3.48766E-01	8.48753E-01	-3.97468E-01	1000010010	2.24390E+01	-7.77426E+00	1.36205E+00	1.82090E+00	-8.98284E-01	3.75145E-01	2.28806E-01
4.23927E+00	1000010010	3.98855E+01	-4.99702E-01	-1.41159E-02	7.03549E-03	8.35554E-01	-1.72602E-01	5.21592E-01	1000010010	4.00250E+01	-3.32074E+00	-1.49615E+00	-2.09147E+00	3.19820E-01	8.29468E-01	4.57928E-01
3.02731E+00	1000010010	2.44128E+01	2.56421E-01	-3.29852E-01	-2.74598E-01	-9.37577E-01	1.13413E-01	3.28766E-01	1000010010	2.44754E+01	2.65432E+00	5.58775E-01	-1.28154E+00	-4.41257E-01	-8.90778E-01	-1.08658E-01
6.54812E+00	1000010010	3.16815E+01	1.58885E-01	4.31082E-01	1.97207E-01	-3.92784E-01	1.00048E-01	-9.14172E-01	1000010010	3.18563E+01	1.86774E+00	-2.32982E+00	5.20418E+00	4.35333E-01	6.90544E-01	-5.77611E-01
8.39179E+00	1000010010	4.40801E+01	-8.66668E-02	3.21475E-01	3.72922E-01	2.63504E-01	-2.64840E-01	-9.27591E-01	1000010010	4.43818E+01	-5.47967E+00	-1.88202E+00	5.22219E+00	8.49364E-01	4.48043E-01	-2.78994E-01
8.34545E+01	1000010010	2.56224E+01	-4.77516E-01	1.43058E-01	-3.85417E-02	8.58220E-01	2.06252E-01	4.70019E-01	1000010010	2.74967E+01	-1.16052E+00	6.98178E-01	3.65729E+00	1.69835E-01	7.27203E-02	9.82786E-01
2.60559E+00	1000010010	2.45480E+01	4.55246E-01	-6.10359E-03	-2.06446E-01	-9.53910E-01	-1.91701E-02	2.99480E-01	1000010010	2.46021E+01	2.65432E+00	5.58775E-01	-1.28154E+00	-8.83485E-01	-3.80422E-01	-2.73374E-01
8.41992E+00	1000010010	3.70074E+01	-4.56375E-01	-2.03409E-01	1.75285E-02	7.56268E-01	2.26166E-01	-6.13928E-01	1000010010	3.72668E+01	-7.12765E+00	-1.32533E+00	4.62603E+00	8.69268E-01	-1.72052E-01	-4.63434E-01
3.84189E+01	1000010010	2.19532E+01	4.28666E-01	-1.31590E-01	2.21161E-01	-4.21376E-01	-5.72170E-01	-7.03608E-01	1000010010	2.26771E+01	-2.57255E-01	3.15800E+00	1.53770E+01	4.51674E-01	-6.06290E-01	6.54524E-01
2.09568E+01	1000010010	2.60272E+01	-1.65927E-01	-2.27742E-01	4.13025E-01	4.23866E-01	-7.81838E-01	-4.57239E-01	1000010010	2.64929E+01	-8.19431E+00	4.63785E+00	1.37925E+01	2.05716E-01	-3.18028E-01	-9.25494E-01
2.93786E+00	1000010010	3.06225E+01	-2.09663E-02	-2.86840E-02	-4.98735E-01	-9.81927E-01	1.27415E-01	1.39946E-01	1000010010	3.06984E+01	2.65432E+00	5.58775E-01	-1.28154E+00	-8.30630E-01	-5.04406E-01	-2.35858E-01
3.18682E+01	1000010010	3.50694E+01	2.60828E-01	3.97664E-01	-1.54156E-01	-5.32980E-01	-4.90742E-01	6.89279E-01	1000010010	3.60128E+01	6.48707E+00	4.65064E+00	7.27527E+00	2.83949E-01	8.29531E-01	-4.80886E-01
3.00730E+01	1000010010	2.42215E+01	-2.79664E-01	2.59892E-01	-3.22818E-01	-2.52148E-01	-4.31775E-03	9.67679E-01	1000010010	2.48458E+01	-4.98126E+00	3.74791E+00	2.45565E+00	2.93932E-01	5.18394E-01	-8.03039E-01
2.72996E+00	1000010010	2.03594E+01	4.72674E-01	-9.27849E-02	-1.33723E-01	-8.91243E-01	9.97430E-02	4.42422E-01	1000010010	2.04062E+01	2.65432E+00	5.58775E-01	-1.28154E+00	-6.14080E-01	-7.47729E-01	-2.52601E-01
2.52002E+00	1000010010	1.20233E+02	4.70334E-01	1.33196E-01	-1.04716E-01	-8.93774E-01	-1.06155E-01	4.35773E-01	1000010010	1.20430E+02	2.65432E+00	5.58775E-01	-1.28154E+00	-9.05505E-01	-2.27966E-01	3.57899E-01
5.25917E+00	1000010010	2.70881E+01	-4.81909E-01	7.91000E-02	1.07122E-01	5.90288E-01	5.67235E-01	-5.74285E-01	1000010010	2.72088E+01	-3.32074E+00	-1.49615E+00	-2.09147E+00	4.39680E-01	-2.40831E-01	8.65264E-01
5.33510E+01	1000010010	2.12713E+01	-4.66575E-01	-1.71822E-01	-5.21918E-02	8.42693E-01	4.40233E-01	-3.09940E-01	1000010010	2.22507E+01	-1.16052E+00	6.98178E-01	3.65729E+00	-8.48301E-01	-3.46263E-01	4.00608E-01
6.06621E+00	1000010010	3.40258E+01	6.49825E-02	-3.62950E-02	4.94370E-01	-3.05943E-03	-4.05033E-01	-9.14297E-01	1000010010	3.41988E+01	1.86774E+00	-2.32982E+00	5.20418E+00	-6.63086E-01	3.43848E-01	-6.64896E-01
2.61415E+00	1000010010	6.12710E+01	3.41599E-01	3.46758E-01	-1.14036E-01	-9.32234E-01	4.53989E-02	3.58998E-01	1000010010	6.13943E+01	2.65432E+00	5.58775E-01	-1.28154E+00	-9.59449E-01	-1.86627E-01	2.11255E-01
2.66030E+00	1000010010	2.45109E+01	3.83235E-01	-1.34581E-01	-2.91467E-01	-9.70027E-01	7.45283E-03	2.42883E-01	1000010010	2.45662E+01	2.65432E+00	5.58775E-01	-1.28154E+00	-7.73091E-01	-5.91248E-01	-2.29688E-01
3.78628E+00	1000010010	7.22775E+01	-3.17724E-01	-2.20349E-01	-3.16967E-01	5.87048E-01	-1.96123E-01	7.85437E-01	1000010010	8.45696E+01	-2.61891E+00	-7.68981E-01	-3.19218E+00	5.87844E-01	4.55529E-01	6.68531E-01
2.39617E+01	1000010010	2.14659E+01	3.02454E-01	1.10995E-01	3.82362E-01	-7.80199E-01	6.17663E-01	9.89060E-02	1000010010	2.19043E+01	-2.61891E+00	-7.68981E-01	-3.19218E+00	2.76991E-01	-9.35121E-01	-2.20965E-01
1.16722E+02	1000010010	2.90492E+01	-4.70972E-01	6.09207E-02	-1.56279E-01	6.67867E-01	-3.63432E-01	6.49515E-01	1000010010	3.20491E+01	-1.16052E+00	6.98178E-01	3.65729E+00	-5.99135E-01	-6.77317E-01	4.26942E-01
2.76466E+00	1000010010	2.37809E+01	2.53248E-01	-1.21130E-02	-4.30893E-01	-9.63841E-01	2.08169E-01	1.66362E-01	1000010010	2.38366E+01	2.65432E+00	5.58775E-01	-1.28154E+00	-6.88408E-01	-6.66950E-01	-2.85082E-01
4.91800E+00	1000010010	3.03944E+01	-4.45227E-01	-1.65741E-01	-1.55720E-01	7.76053E-01	2.59197E-01	-5.74943E-01	1000010010	3.05205E+01	-3.32074E+00	-1.49615E+00	-2.09147E+00	2.14256E-01	1.10110E-01	9.70551E-01
2.60708E+00	1000000010	1.17414E+02	3.04153E-01	-1.12274E-01	-3.80573E-01	-8.99542E-01	-2.40629E-01	3.64585E-01	1000010010	1.39105E+02	2.65432E+00	5.58775E-01	-1.28154E+00	-9.20605E-01	-3.13275E-01	2.33119E-01
4.06062E+00	1000010010	3.37072E+01	-4.11840E-01	-1.54790E-01	-2.37413E-01	6.40529E-01	1.82896E-01	7.45837E-01	1000010010	3.38219E+01	-3.32074E+00	-1.49615E+00	-2.09147E+00	7.78437E-01	-1.88869E-01	5.98636E-01
2.85535E+00	1000010010	2.12722E+01	3.26053E-01	1.09540E-01	-3.62827E-01	-8.83318E-01	3.84494E-01	2.68167E-01	1000010010	2.13235E+01	2.65432E+00	5.58775E-01	-1.28154E+00	-5.26309E-01	-8.08250E-01	-2.64067E-01
3.40781E+00	1000010010	1.96560E+02	-1.91009E-01	4.19201E-02	4.60142E-01	2.97187E-01	-2.82389E-01	-9.12105E-01	1000010010	1.96927E+02	-1.16052E+00	6.98178E-01	3.65729E+00	2.34175E-01	-1.53569E-01	-9.59989E-01
4.41954E+00	1000010010	3.36503E+01	-4.39702E-01	-2.34283E-01	4.12635E-02	9.31983E-01	2.13474E-01	-2.92979E-01	1000010010	3.37750E+01	-3.32074E+00	-1.49615E+00	-2.09147E+00	2.70389E-01	2.42661E-01	9.31668E-01
2.71269E+00	1000010010	4.39542E+01	3.91535E-01	2.78131E-01	1.38907E-01	-9.03028E-01	1.04797E-01	4.16603E-01	1000010010	4.40513E+01	2.65432E+00	5.58775E-01	-1.28154E+00	-9.40065E-01	-2.59508E-01	2.21207E-01
2.99172E+00	1000010010	2.26243E+01	1.04174E-02	1.08162E-01	-4.88045E-01	-9.40270E-01	2.90733E-01	1.77105E-01	1000010010	2.26816E+01	2.65432E+00	5.58775E-01	-1.28154E+00	-6.74133E-01	-6.37084E-01	-3.73723E-01
4.52912E+00	1000010010	2.12274E+01	-4.02056E-01	1.05716E-01	2.77731E-01	8.08863E-01	5.44387E-01	-2.22225E-01	1000010010	2.13087E+01	-3.32074E+00	-1.49615E+00	-2.09147E+00	4.30961E-01	7.72099E-02	8.99061E-01
4.98281E+00	1000010010	2.01734E+01	1.81151E-01	-4.54714E-01	-1.02039E-01	4.22052E-01	6.99305E-01	5.76927E-01	1000010010	2.02580E+01	-2.61891E+00	-7.68981E-01	-3.19218E+00	3.12664E-01	-1.01748E-01	9.44398E-01
4.45999E+00	1000010010	2.00663E+01	-3.09381E-01	-3.58703E-01	1.59997E-01	9.78313E-01	-1.19461E-01	-1.69213E-01	1000010010	2.01417E+01	-3.32074E+00	-1.49615E+00	-2.09147E+00	3.68173E-01	1.80685E-01	9.12031E-01
1.16996E+01	1000010010	3.63056E+01	-4.44622E-01	-1.38332E-01	-1.82084E-01	7.28648E-01	7.36078E-02	-6.80921E-01	1000010010	3.66604E+01	-6.11974E+00	1.31430E+00	9.16687E+00	3.47200E-01	-6.35129E-01	-6.89973E-01
5.09741E+00	1000010010	2.35519E+01	-4.17178E-01	-1.65915E-01	2.19852E-01	8.42556E-01	3.09122E-01	-4.41071E-01	1000010010	2.36537E+01	-3.32074E+00	-1.49615E+00	-2.09147E+00	9.83050E-02	1.14991E-01	9.88490E-01
7.52379E+00	1000010010	3.49202E+01	-4.46560E-01	-9.22161E-02	2.04908E-01	7.71285E-01	3.48913E-01	-5.32333E-01	1000010010	3.51400E+01	-5.47967E+00	-1.88202E+00	5.22219E+00	3.12480E-01	4.95837E-01	-8.10248E-01
4.20661E+00	1000010010	3.84891E+01	3.53285E-02	1.69353E-01	-4.69076E-01	8.68358E-01	-4.69096E-02	4.93715E-01	1000010010	3.86232E+01	-3.32074E+00	-1.49615E+00	-2.09147E+00	8.21714E-01	5.58538E-01	1.13236E-01
3.93033E+01	1000010010	2.19425E+01	-2.80768E-01	2.13691E-01	3.54228E-01	-1.24695E-01	-6.83164E-01	-7.19540E-01	1000010010	2.26830E+01	-1.16052E+00	6.98178E-01	3.65729E+00	6.48079E-01	5.44923E-01	5.32027E-01
4.14346E+00	1000010010	3.87553E+01	-4.47758E-01	3.53206E-02	2.19677E-01	6.38246E-01	4.11403E-01	6.50684E-01	1000010010	3.88881E+01	-3.32074E+00	-1.49615E+00	-2.09147E+00	7.72159E-01	3.74165E-02	6.34326E-01
2.54961E+01	1000010010	2.03218E+01	1.67198E-01	2.98737E-01	-3.64395E-01	-9.91842E-01	1.24440E-01	2.76365E-02	1000010010	2.07625E+01	-4.98126E+00	3.74791E+00	2.45565E+00	-4.59123E-01	8.08819E-01	3.67447E-01
1.13046E+01	1000010010	5.30808E+01	-2.80110E-01	-2.34425E-03	4.14087E-01	6.19304E-01	1.08317E-01	-7.77644E-01	1000010010	5.35567E+01	-6.11974E+00	1.31430E+00	9.16687E+00	7.40553E-01	-5.43577E-01	-3.95103E-01
2.63032E+00	1000010010	2.72942E+01	3.39937E-01	2.48446E-02	-3.65746E-01	-9.80952E-01	3.49994E-02	1.91070E-01	1000010010	2.73549E+01	2.65432E+00	5.58775E-01	-1.28154E+00	-8.78182E-01	-3.89107E-01	-2.78195E-01
8.32823E+00	1000010010	2.22363E+01	-5.16463E-02	4.88080E-01	9.49809E-02	3.35203E-01	-9.22984E-01	-1.89047E-01	1000010010	2.23933E+01	-4.98126E+00	3.74791E+00	2.45565E+00	2.44568E-01	7.63598E-01	-5.97582E-01
4.57075E+01	1000010010	2.31589E+01	4.10142E-01	-1.57531E-01	-2.38573E-01	-4.64570E-01	4.98017E-02	8.84135E-01	1000010010	2.40719E+01	-7.75531E+00	1.35758E+00	1.90321E+00	-8.69028E-01	-4.35323E-01	2.35126E-01
2.73718E+00	1000010010	2.04984E+01	4.96482E-01	-5.57969E-02	1.86827E-02	-8.85660E-01	-8.88548E-02	4.55753E-01	1000010010	2.05456E+01	2.65432E+00	5.58775E-01	-1.28154E+00	-8.63419E-01	-3.45337E-01	-3.67762E-01
4.77241E+00	1000010010	2.80456E+01	-3.80464E-01	2.93053E-01	-1.39091E-01	7.89748E-01	4.95961E-01	-3.60998E-01	1000010010	2.81589E+01	-3.32074E+00	-1.49615E+00	-2.09147E+00	4.09944E-01	-1.45340E-02	9.11995E-01
8.17897E+00	1000010010	2.10327E+01	-4.34562E-02	3.81481E-01	3.20260E-01	-2.25803E-03	-9.95585E-01	9.38392E-02	1000010010	2.11782E+01	-4.98126E+00	3.74791E+00	2.45565E+00	1.84204E-01	5.98793E-01	-7.79433E-01
2.71364E+00	1000010010	4.77343E+01	2.07641E-01	4.16334E-01	-1.83074E-01	-9.51906E-01	5.87147E-02	3.00710E-01	1000010010	4.78386E+01	2.65432E+00	5.58775E-01	-1.28154E+00	-9.83424E-01	-1.68090E-01	6.79992E-02
2.91728E+00	1000010010	2.10380E+01	4.76135E-01	-1.32965E-01	-7.47071E-02	-8.16993E-01	1.57780E-01	5.54643E-01	1000010010	2.10898E+01	2.65432E+00	5.58775E-01	-1.28154E+00	-4.43885E-01	-8.82257E-01	-1.56806E-01
2.53366E+02	1000010010	2.07781E+01	-3.00477E-01	1.91321E-02	3.99082E-01	8.35369E-01	-2.25137E-01	-5.01470E-01	1000010010	2.57388E+01	-7.12765E+00	-1.32533E+00	4.62603E+00	-8.87139E-01	3.49706E-01	-3.01148E-01
2.83543E+00	1000010010	2.28297E+01	4.44603E-01	-1.95136E-01	-1.19233E-01	-8.68836E-01	7.85978E-02	4.88821E-01	1000010010	2.28845E+01	2.65432E+00	5.58775E-01	-1.28154E+00	-5.31797E-01	-8.36138E-01	-1.34407E-01
1.25520E+01	1000010010	2.25458E+01	1.61306E-01	-4.61715E-01	-1.03743E-01	6.11174E-03	7.26452E-01	-6.87190E-01	1000010010	2.27862E+01	-6.34195E+00	-2.62298E+00	7.41010E+00	2.46747E-01	6.36554E-01	-7.30695E-01
6.23326E+00	1000010010	2.16447E+01	4.35342E-01	-5.75779E-02	2.38974E-01	-4.44715E-01	5.79050E-01	-6.83322E-01	1000010010	2.17588E+01	1.86774E+00	-2.32982E+00	5.20418E+00	1.26880E-01	7.63372E-01	-6.33375E-01
3.93697E+00	1000010010	8.60056E+01	2.41695E-01	4.13193E-01	1.44346E-01	-1.10770E-01	-5.02217E-01	-8.57618E-01	1000010010	1.07667E+02	8.60168E-01	1.30959E+00	3.89681E+00	-1.51249E-01	-1.84013E-01	-9.71217E-01
2.73944E+00	1000010010	2.44801E+01	2.41359E-01	-4.28885E-02	-4.35720E-01	-9.84160E-01	1.21328E-01	1.29262E-01	1000010010	2.45369E+01	2.65432E+00	5.58775E-01	-1.28154E+00	-7.67493E-01	-5.55778E-01	-3.19477E-01
5.84279E+00	1000010010	3.70019E+01	3.14144E-01	-2.88353E-01	2.60988E-01	-5.16921E-01	5.58119E-01	-6.49073E-01	1000010010	3.71818E+01	1.86774E+00	-2.32982E+00	5.20418E+00	-4.17987E-01	5.32824E-03	-9.08437E-01
4.38866E+00	1000010010	2.24415E+01	-4.09032E-01	-5.62739E-02	2.81915E-01	8.82415E-01	4.46104E-01	-1.49446E-01	1000010010	2.70460E+01	-3.32074E+00	-1.49615E+00	-2.09147E+00	4.24637E-01	1.57338E-01	8.91588E-01
6.58949E+00	1000010010	2.41394E+01	1.83162E-01	1.54032E-01	4.38898E-01	-2.73630E-01	-4.18137E-01	-8.66191E-01	1000010010	2.42744E+01	1.86774E+00	-2.32982E+00	5.20418E+00	4.09686E-01	8.37816E-01	-3.60863E-01
4.38901E+00	1000010010	2.95529E+01	-4.89394E-01	6.16890E-02	-8.17007E-02	4.84954E-01	3.34125E-01	8.08195E-01	1000010010	2.96625E+01	-3.32074E+00	-1.49615E+00	-2.09147E+00	7.54491E-01	-2.66420E-01	5.99803E-01
8.16490E+00	1000010010	2.07330E+01	-1.20814E-01	4.64976E-01	1.38276E-01	2.44982E-01	-9.63357E-01	-1.09209E-01	1000010010	2.08760E+01	-4.98126E+00	3.74791E+00	2.45565E+00	2.57513E-01	7.51987E-01	-6.06797E-01
2.53301E+00	1000010010	4.55413E+01	4.38234E-01	1.68307E-01	-1.71913E-01	-9.35881E-01	6.23534E-03	3.52261E-01	1000010010	4.56348E+01	2.65432E+00	5.58775E-01	-1.28154E+00	-9.52128E-01	-2.85849E-01	1.08360E-01
4.14620E+00	1000010010	2.22275E+01	-1.14285E-01	-2.15689E-01	-4.36340E-01	7.07980E-01	-5.53862E-01	4.38180E-01	1000010010	2.23054E+01	-3.32074E+00	-1.49615E+00	-2.09147E+00	8.76375E-01	4.81106E-01	2.24728E-02
8.29171E+01	1000010010	2.19722E+01	-1.16304E-01	2.16733E-01	-4.35204E-01	2.39152E-01	-4.46939E-01	8.62005E-01	1000010010	2.35670E+01	-7.75531E+00	1.35758E+00	1.90321E+00	-3.24854E-01	7.20594E-01	-6.12547E-01
5.86693E+00	1000010010	3.25267E+01	1.00720E-01	-3.53818E-01	3.38583E-01	-6.61691E-01	4.46699E-01	-6.02184E-01	1000010010	3.77017E+01	1.86774E+00	-2.32982E+00	5.20418E+00	-4.23959E-01	-2.00396E-03	-9.05679E-01
2.82658E+00	1000010010	2.05231E+01	4.80790E-01	-1.37130E-01	-3.98724E-03	-8.26855E-01	5.53953E-02	5.59681E-01	1000010010	2.05719E+01	2.65432E+00	5.58775E-01	-1.28154E+00	-5.69012E-01	-7.98524E-01	-1.96428E-01
1.38553E+01	1000010010	2.00956E+01	1.73834E-01	-3.06510E-01	-3.54631E-01	-6.13471E-01	7.48530E-01	2.51706E-01	1000010010	2.03310E+01	2.65432E+00	5.58775E-01	-1.28154E+00	6.95416E-01	-6.49897E-01	-3.06644E-01
6.84445E+00	1000010010	2.42223E+01	-1.24531E-01	-3.38089E-02	4.83013E-01	-2.77690E-01	-3.79581E-01	-8.82500E-01	1000010010	2.43630E+01	1.86774E+00	-2.32982E+00	5.20418E+00	6.22399E-01	7.39834E-01	-2.55469E-01
1.04102E+01	1000010010	2.76948E+01	-4.65647E-01	1.66390E-01	-7.34285E-02	9.54515E-01	-2.05434E-01	2.16099E-01	1000010010	2.79395E+01	-2.61891E+00	-7.68981E-01	-3.19218E+00	-9.59216E-01	2.52456E-01	1.27164E-01
8.45915E+00	1000010010	2.54182E+01	-3.09385E-01	2.91921E-01	2.62795E-01	4.02722E-01	-5.71202E-01	7.15223E-01	1000010010	2.56008E+01	-4.98126E+00	3.74791E+00	2.45565E+00	9.53080E-01	1.04219E-01	2.84212E-01
2.63187E+00	1000010010	2.59890E+01	4.45271E-01	-1.46748E-01	-1.73541E-01	-9.39977E-01	-1.06070E-01	3.24333E-01	1000010010	2.60469E+01	2.65432E+00	5.58775E-01	-1.28154E+00	-8.55856E-01	-4.90454E-01	-1.64210E-01
6.02243E+00	1000010010	4.81181E+01	4.89235E-01	5.87983E-02	8.47881E-02	-3.22632E-01	6.33168E-01	-7.03567E-01	1000010010	4.83512E+01	1.86774E+00	-2.32982E+00	5.20418E+00	-2.36923E-01	9.83045E-02	-9.66542E-01
3.31968E+01	1000010010	2.13536E+01	3.23957E-01	3.79055E-01	-3.62524E-02	2.54940E-01	-9.66928E-01	7.48494E-03	1000010010	2.19600E+01	-4.98126E+00	3.74791E+00	2.45565E+00	-6.88980E-01	2.27765E-01	-6.88062E-01
2.53017E+01	1000010010	2.24261E+01	-1.21273E-01	-1.98365E-01	-4.42649E-01	2.86049E-01	6.87727E-01	6.67239E-01	1000010010	2.29107E+01	-7.12765E+00	-1.32533E+00	4.62603E+00	-2.54584E-01	-1.52917E-01	9.54884E-01
2.94411E+00	1000010010	3.51359E+01	2.85886E-01	2.01920E-01	3.57061E-01	-8.86484E-01	1.39864E-01	4.41117E-01	1000010010	3.52223E+01	2.65432E+00	5.58775E-01	-1.28154E+00	-9.31948E-01	-3.16305E-01	1.77269E-01
1.46154E+01	1000010010	2.21211E+01	-4.41320E-02	1.66957E-01	4.69173E-01	-9.16514E-02	-9.07734E-01	-4.09414E-01	1000010010	2.23958E+01	1.86774E+00	-2.32982E+00	5.20418E+00	-1.26763E-01	-4.37756E-01	8.90113E-01
2.03851E+01	1000010010	2.14292E+01	-1.93459E-01	-3.30736E-01	3.21146E-01	-1.20113E-02	3.23909E-01	-9.46012E-01	1000010010	2.18008E+01	-8.19431E+00	4.63785E+00	1.37925E+01	7.90299E-01	-5.75848E-01	2.09348E-01
2.70638E+00	1000010010	2.00856E+01	4.42012E-01	-7.80578E-02	-2.20182E-01	-9.63387E-01	-6.74893E-02	2.59482E-01	1000010010	2.01313E+01	2.65432E+00	5.58775E-01	-1.28154E+00	-7.98951E-01	-3.38927E-01	-4.96796E-01
1.17742E+02	1000010010	2.17716E+01	-6.58032E-02	-2.98134E-01	3.95935E-01	3.76201E-01	-2.40077E-01	-8.94894E-01	1000010010	2.40495E+01	-7.75531E+00	1.35758E+00	1.90321E+00	8.08935E-02	-9.75321E-01	-2.05437E-01
1.10853E+01	1000010010	2.36521E+01	-1.48369E-01	3.65875E-01	-3.06712E-01	9.44893E-01	-1.62778E-01	2.84042E-01	1000010010	2.38750E+01	-3.32074E+00	-1.49615E+00	-2.09147E+00	-6.50901E-01	3.17428E-01	-6.89614E-01
2.53477E+00	1000010010	6.67344E+01	4.84927E-01	9.69809E-02	-7.33103E-02	-8.98902E-01	-7.95858E-02	4.30860E-01	1000010010	6.68623E+01	2.65432E+00	5.58775E-01	-1.28154E+00	-9.19257E-01	-2.82068E-01	2.74600E-01
6.22416E+00	1000010010	2.35142E+01	4.14734E-01	1.76421E-01	2.16451E-01	-8.34758E-03	-1.82581E-02	-9.99798E-01	1000010010	2.36383E+01	1.86774E+00	-2.32982E+00	5.20418E+00	-6.84599E-01	3.01324E-01	-6.63723E-01
7.30435E+00	1000010010	2.16237E+01	-3.66909E-01	-3.24803E-01	-9.93180E-02	-3.32806E-01	9.42959E-01	-8.31790E-03	1000010010	2.17574E+01	1.86774E+00	-2.32982E+00	5.20418E+00	-5.29328E-01	-1.96978E-01	-8.25234E-01
1.97016E+02	1000010010	2.31545E+01	-2.65390E-01	-3.55319E-01	-2.30751E-01	1.18869E-02	4.36224E-01	8.99760E-01	1000010010	2.73544E+01	8.60168E-01	1.30959E+00	3.89681E+00	-9.38857E-01	2.14697E-01	2.69171E-01
6.07299E+00	1000010010	3.23092E+01	2.95173E-02	-2.19486E-01	4.48250E-01	-5.45435E-02	-2.10476E-01	-9.76076E-01	1000010010	3.24743E+01	1.86774E+00	-2.32982E+00	5.20418E+00	-6.49460E-01	4.00501E-01	-6.46375E-01
4.70700E+00	1000010010	2.58599E+01	-2.77531E-01	3.00899E-01	2.87091E-01	7.75242E-01	5.78563E-01	-2.53503E-01	1000010010	2.59631E+01	-3.32074E+00	-1.49615E+00	-2.09147E+00	4.27311E-01	1.13366E-01	8.96969E-01
2.62980E+00	1000010010	2.36675E+01	4.70653E-01	-7.66688E-02	-1.50061E-01	-9.37975E-01	-7.81828E-02	3.37773E-01	1000010010	2.37202E+01	2.65432E+00	5.58775E-01	-1.28154E+00	-8.71270E-01	-4.16426E-01	-2.59765E-01
8.39446E+01	1000010010	3.00491E+01	-1.09793E-01	-2.72845E-01	4.04314E-01	-2.75796E-01	-3.07538E-01	-9.10690E-01	1000010010	3.22473E+01	1.86774E+00	-2.32982E+00	5.20418E+00	-8.03365E-01	-1.19985E-01	5.83274E-01
6.37471E+01	1000010010	3.55598E+01	-3.54460E-01	1.59392E-01	-3.14534E-01	1.59401E-01	3.41935E-01	9.26106E-01	1000010010	3.74944E+01	6.48707E+00	4.65064E+00	7.27527E+00	-7.44989E-01	-1.44188E-01	-6.51307E-01
3.82937E+00	1000010010	1.02690E+02	-1.30017E-01	-2.85085E-01	-3.89637E-01	8.37518E-01	1.93217E-01	5.11108E-01	1000010010	1.02956E+02	-3.32074E+00	-1.49615E+00	-2.09147E+00	8.59313E-01	2.27286E-01	4.58173E-01
2.27780E+01	1000010010	2.40989E+01	-2.39093E-01	4.38991E-01	5.78478E-03	3.60243E-01	-9.32858E-01	4.33621E-04	1000010010	2.45679E+01	2.65432E+00	5.58775E-01	-1.28154E+00	-5.24124E-01	-4.16826E-01	-7.42664E-01
4.55819E+00	1000010010	3.78316E+01	-4.49702E-01	1.90714E-02	2.17637E-01	8.10717E-01	5.34357E-01	-2.39167E-01	1000010010	3.79747E+01	-3.32074E+00	-1.49615E+00	-2.09147E+00	3.62004E-01	1.19241E-01	9.24519E-01
2.84007E+00	1000010010	2.20697E+01	4.43091E-01	-1.33275E-01	1.89391E-01	-8.33554E-01	-1.60172E-01	5.28708E-01	1000010010	2.21227E+01	2.65432E+00	5.58775E-01	-1.28154E+00	-8.93429E-01	-4.00930E-01	-2.02584E-01
2.12523E+02	1000010010	2.19510E+01	8.49472E-02	-1.71663E-01	4.61799E-01	-4.41271E-01	6.43935E-01	-6.25002E-01	1000010010	2.62732E+01	-2.61891E+00	-7.68981E-01	-3.19218E+00	8.52832E-01	7.22374E-02	5.17164E-01
6.13898E+00	1000010010	3.15378E+01	4.62119E-01	1.60820E-02	1.90114E-01	-8.16386E-02	1.18533E-01	-9.89588E-01	1000010010	3.17009E+01	1.86774E+00	-2.32982E+00	5.20418E+00	-6.02716E-01	4.49268E-01	-6.59463E-01
5.92784E+01	1000010010	2.00905E+01	2.72775E-01	-3.85033E-01	-1.65304E-01	2.55612E-01	9.26346E-01	2.76669E-01	1000010010	2.11182E+01	-7.75531E+00	1.35758E+00	1.90321E+00	-1.56923E-01	7.36963E-01	-6.57466E-01
4.10183E+02	1000010010	3.31031E+01	8.99773E-02	3.80286E-01	3.11881E-01	1.94215E-01	-9.58344E-01	2.09423E-01	1000010010	4.64173E+01	-1.16052E+00	6.98178E-01	3.65729E+00	3.84371E-01	3.10433E-01	-8.69419E-01
3.49165E+01	1000010010	2.03832E+01	1.47111E-01	-3.72007E-01	2.99809E-01	-5.82739E-01	6.66565E-01	-4.64872E-01	1000010010	2.09913E+01	8.60168E-01	1.30959E+00	3.89681E+00	2.10583E-01	6.88465E-01	6.94025E-01
2.66854E+00	1000010010	3.33193E+01	2.41057E-01	2.35176E-01	-3.69510E-01	-9.68196E-01	6.05610E-02	2.42751E-01	1000010010	3.33938E+01	2.65432E+00	5.58775E-01	-1.28154E+00	-9.43681E-01	-2.57557E-01	-2.07677E-01
2.54122E+00	1000010010	7.79981E+01	3.45141E-01	1.76968E-01	-3.15460E-01	-9.45813E-01	-5.41614E-02	3.20162E-01	1000010010	7.81428E+01	2.65432E+00	5.58775E-01	-1.28154E+00	-9.54087E-01	-2.36464E-01	1.83854E-01
1.91856E+01	1000010010	2.53241E+01	-2.32396E-01	2.89748E-01	-3.34700E-01	1.59962E-02	-9.79551E-01	2.00558E-01	1000010010	2.57386E+01	-6.11974E+00	1.31430E+00	9.16687E+00	7.71773E-01	-4.40387E-02	-6.34371E-01
2.69606E+00	1000010010	2.06349E+01	4.27405E-01	-1.42173E-01	-2.16866E-01	-9.61964E-01	-9.13700E-02	2.57442E-01	1000010010	2.06817E+01	2.65432E+00	5.58775E-01	-1.28154E+00	-7.98050E-01	-4.34784E-01	-4.17228E-01
2.90454E+01	1000010010	2.50751E+01	-3.10933E-01	3.73269E-01	1.18096E-01	2.42292E-01	-8.96993E-01	3.69726E-01	1000010010	2.56990E+01	1.86774E+00	-2.32982E+00	5.20418E+00	-8.64995E-01	4.26146E-01	-2.64919E-01
2.72734E+00	1000010010	8.82749E+01	3.48474E-01	3.28644E-01	1.43257E-01	-8.90314E-01	2.88776E-02	4.54431E-01	1000010010	8.84452E+01	2.65432E+00	5.58775E-01	-1.28154E+00	-9.06127E-01	-1.73300E-01	3.85878E-01
2.79902E+00	1000010010	2.47923E+01	3.27143E-01	3.76340E-01	3.62524E-02	-9.32492E-01	2.71395E-01	2.38336E-01	1000010010	2.48510E+01	2.65432E+00	5.58775E-01	-1.28154E+00	-9.46522E-01	-2.55585E-01	-1.96908E-01
3.55075E+00	1000010010	1.39629E+02	-3.24669E-01	2.99725E-01	2.33884E-01	2.25599E-01	-1.98959E-01	-9.53688E-01	1000010010	1.39935E+02	-1.16052E+00	6.98178E-01	3.65729E+00	1.62314E-01	-7.95927E-02	-9.83524E-01
2.54149E+00	1000010010	6.26158E+01	4.10928E-01	2.34896E-01	-1.61040E-01	-9.29296E-01	-1.99606E-03	3.69330E-01	1000010010	6.27378E+01	2.65432E+00	5.58775E-01	-1.28154E+00	-9.50164E-01	-2.30736E-01	2.09644E-01
6.79468E+00	1000010010	2.67830E+01	-3.39932E-01	1.47753E-01	3.35569E-01	-5.23967E-01	-1.96147E-02	-8.51513E-01	1000010010	2.69374E+01	1.86774E+00	-2.32982E+00	5.20418E+00	8.47734E-03	7.81075E-01	-6.24380E-01
9.34165E+01	1000010010	2.69497E+01	4.46006E-01	1.81024E-01	1.35203E-01	-8.98078E-01	-4.35535E-01	6.13550E-02	1000010010	2.91628E+01	-3.32074E+00	-1.49615E+00	-2.09147E+00	-1.44553E-01	-7.24027E-01	-6.74455E-01
2.72637E+00	1000010010	2.41318E+01	4.19798E-01	-2.45166E-01	-1.16700E-01	-9.13169E-01	-9.82769E-02	3.95555E-01	1000010010	2.41875E+01	2.65432E+00	5.58775E-01	-1.28154E+00	-7.38498E-01	-6.57478E-01	-1.49475E-01
2.67186E+00	1000010010	2.43729E+01	3.22991E-01	2.39049E-02	-3.80842E-01	-9.85009E-01	5.00484E-02	1.65084E-01	1000010010	2.44281E+01	2.65432E+00	5.58775E-01	-1.28154E+00	-8.43820E-01	-3.70791E-01	-3.87920E-01
2.87690E+00	1000010010	2.16157E+01	3.72494E-01	2.74566E-01	1.89327E-01	-9.01181E-01	2.79917E-01	3.30938E-01	1000010010	2.16682E+01	2.65432E+00	5.58775E-01	-1.28154E+00	-9.19252E-01	-2.93874E-01	-2.61943E-01
2.81542E+00	1000010010	2.21013E+01	1.87957E-01	2.93067E-02	-4.62369E-01	-9.65617E-01	2.24028E-01	1.31889E-01	1000010010	2.21539E+01	2.65432E+00	5.58775E-01	-1.28154E+00	-6.93764E-01	-6.07000E-01	-3.87611E-01
5.88823E+00	1000010010	3.32087E+01	3.50422E-01	-2.71634E-01	2.30946E-01	-4.81150E-01	5.84061E-01	-6.53733E-01	1000010010	3.33729E+01	1.86774E+00	-2.32982E+00	5.20418E+00	-4.98054E-01	-1.64399E-02	-8.66990E-01
2.58262E+00	1000010010	6.10701E+01	3.09390E-01	2.79291E-01	-2.76088E-01	-9.48226E-01	4.07398E-03	3.17571E-01	1000010010	6.11915E+01	2.65432E+00	5.58775E-01	-1.28154E+00	-9.69501E-01	-2.07970E-01	1.29681E-01
3.19518E+00	1000010010	2.17168E+01	1.56709E-01	-3.37500E-01	-3.33968E-01	-9.41494E-01	2.04152E-01	2.68160E-01	1000010010	2.17754E+01	2.65432E+00	5.58775E-01	-1.28154E+00	-3.32473E-01	-9.32843E-01	-1.38805E-01
3.09835E+01	1000010010	2.49444E+01	3.87062E-01	8.39648E-02	-3.05147E-01	2.50656E-01	-7.02374E-01	6.66215E-01	1000010010	2.56070E+01	-7.12765E+00	-1.32533E+00	4.62603E+00	7.37688E-01	4.40780E-01	-5.11399E-01
4.15726E+00	1000010010	3.67678E+01	-4.18594E-01	-2.50464E-01	-1.09481E-01	6.37275E-01	2.95346E-01	7.11794E-01	1000010010	3.68950E+01	-3.32074E+00	-1.49615E+00	-2.09147E+00	7.63727E-01	-2.59463E-01	5.91101E-01
4.34836E+00	1000010010	3.51968E+01	-4.79592E-01	8.43518E-02	1.13308E-01	7.34263E-01	-4.55263E-02	6.77337E-01	1000010010	3.53246E+01	-3.32074E+00	-1.49615E+00	-2.09147E+00	3.66008E-01	8.76132E-01	3.13737E-01
2.15925E+02	1000010010	3.33361E+01	-9.36175E-02	-3.89100E-01	-2.99714E-01	-4.82251E-01	2.05777E-01	8.51522E-01	1000010010	3.98872E+01	-3.32074E+00	-1.49615E+00	-2.09147E+00	9.24081E-01	2.29114E-01	3.05911E-01
3.26913E+01	1000010010	2.00144E+01	2.39357E-01	3.78323E-01	-2.22610E-01	-9.89303E-01	1.22238E-01	-7.96129E-02	1000010010	2.05720E+01	-5.47967E+00	-1.88202E+00	5.22219E+00	-4.60456E-01	6.06433E-01	-6.48243E-01
2.00511E+02	1000010010	3.38970E+01	3.40712E-01	-5.07517E-02	3.62372E-01	-2.15410E-01	9.57533E-01	-1.91650E-01	1000010010	4.00359E+01	1.86774E+00	-2.32982E+00	5.20418E+00	-1.76073E-01	9.42283E-01	-2.84781E-01
3.74300E+00	1000010010	7.92466E+01	-3.24844E-01	-9.70006E-02	-3.67386E-01	7.88074E-01	2.20705E-01	5.74655E-01	1000010010	8.98701E+01	-3.32074E+00	-1.49615E+00	-2.09147E+00	8.32599E-01	3.41278E-01	4.36244E-01
4.27886E+00	1000010010	3.99175E+01	-6.36673E-02	4.14839E-01	-2.71741E-01	6.88035E-01	2.17720E-01	6.92247E-01	1000010010	4.00583E+01	-3.32074E+00	-1.49615E+00	-2.09147E+00	8.71804E-01	3.89267E-01	2.97370E-01
2.78889E+00	1000010010	2.55850E+01	2.17525E-01	3.73544E-01	-2.51272E-01	-9.60611E-01	1.34826E-01	2.43000E-01	1000010010	2.56454E+01	2.65432E+00	5.58775E-01	-1.28154E+00	-9.06139E-01	-1.82890E-01	-3.81397E-01
3.01822E+00	1000010010	2.09105E+01	2.31370E-01	2.04883E-01	-3.93030E-01	-8.47506E-01	4.65268E-01	2.55460E-01	1000010010	2.09638E+01	2.65432E+00	5.58775E-01	-1.28154E+00	-4.61801E-01	-8.49548E-01	-2.54969E-01
4.01466E+00	1000010010	2.71482E+01	-3.81878E-01	1.40174E-01	-2.90619E-01	5.83871E-01	-9.22640E-02	8.06586E-01	1000010010	2.72405E+01	-3.32074E+00	-1.49615E+00	-2.09147E+00	8.76577E-01	4.45694E-01	1.81574E-01
2.74688E+00	1000010010	2.26124E+01	4.23340E-01	-2.57709E-01	-6.58854E-02	-9.00274E-01	-1.47477E-01	4.09582E-01	1000010010	2.26650E+01	2.65432E+00	5.58775E-01	-1.28154E+00	-7.63374E-01	-6.16287E-01	-1.93523E-01
2.79312E+00	1000010010	2.23937E+01	3.79503E-01	-1.41763E-02	-3.25112E-01	-9.09487E-01	2.79558E-01	3.07701E-01	1000010010	2.24466E+01	2.65432E+00	5.58775E-01	-1.28154E+00	-5.45304E-01	-8.11331E-01	-2.10678E-01
1.04096E+01	1000010010	7.14904E+01	-3.73771E-01	3.24517E-01	-7.03784E-02	8.04283E-01	1.74911E-01	-5.67922E-01	1000010010	7.20459E+01	-6.34195E+00	-2.62298E+00	7.41010E+00	3.92269E-01	5.86089E-01	-7.08960E-01
2.71529E+00	1000010010	2.30548E+01	3.16871E-01	-3.70309E-02	-3.84929E-01	-9.67074E-01	1.66650E-01	1.92342E-01	1000010010	2.31078E+01	2.65432E+00	5.58775E-01	-1.28154E+00	-6.97721E-01	-6.53281E-01	-2.93955E-01
5.02803E+00	1000010010	2.44311E+01	-2.61474E-01	2.84283E-01	-3.17487E-01	9.04020E-01	4.12499E-01	-1.12215E-01	1000010010	2.45353E+01	-3.32074E+00	-1.49615E+00	-2.09147E+00	4.03905E-01	-1.01501E-01	9.09153E-01
2.90278E+00	1000010010	2.78833E+01	2.21846E-01	-2.48303E-01	-3.72914E-01	-9.65889E-01	1.19271E-01	2.29854E-01	1000010010	2.79517E+01	2.65432E+00	5.58775E-01	-1.28154E+00	-5.85559E-01	-8.03874E-01	-1.04439E-01
2.77712E+00	1000010010	2.09976E+01	4.81562E-01	3.15640E-02	1.30528E-01	-8.65369E-01	1.09015E-02	5.01016E-01	1000010010	2.10468E+01	2.65432E+00	5.58775E-01	-1.28154E+00	-8.93036E-01	-3.36623E-01	-2.98617E-01
2.97879E+00	1000010010	3.19197E+01	2.18705E-01	-4.49553E-01	-7.28446E-03	-8.72633E-01	-2.24358E-01	4.33793E-01	1000010010	3.19996E+01	2.65432E+00	5.58775E-01	-1.28154E+00	-7.49200E-01	-6.62106E-01	1.77207E-02
4.61125E+00	1000010010	2.71530E+01	-2.60968E-01	1.35442E-01	4.04391E-01	8.17346E-01	5.73288E-01	-5.73234E-02	1000010010	2.72590E+01	-3.32074E+00	-1.49615E+00	-2.09147E+00	3.94856E-01	2.11288E-01	8.94118E-01
7.18273E+01	1000010010	2.36167E+01	4.67138E-01	1.39322E-01	-1.11023E-01	-3.44672E-01	1.88258E-01	9.19652E-01	1000010010	2.50965E+01	-6.11974E+00	1.31430E+00	9.16687E+00	-5.10455E-02	-6.52142E-01	-7.56377E-01
2.61844E+00	1000010010	2.52935E+01	4.94024E-01	6.04820E-02	-4.69804E-02	-9.14613E-01	1.18143E-02	4.04157E-01	1000010010	2.53496E+01	2.65432E+00	5.58775E-01	-1.28154E+00	-9.19914E-01	-3.54098E-01	-1.68441E-01
2.61965E+00	1000010010	3.93214E+01	2.90078E-01	5.87266E-03	-4.07175E-01	-9.78513E-01	-1.60571E-02	2.05559E-01	1000010010	3.94064E+01	2.65432E+00	5.58775E-01	-1.28154E+00	-9.18157E-01	-3.89135E-01	-7.45700E-02
5.01769E+00	1000010010	2.71848E+01	1.54893E-01	-4.73917E-01	-3.71948E-02	6.16140E-01	5.02815E-01	6.06259E-01	1000010010	2.73003E+01	-2.61891E+00	-7.68981E-01	-3.19218E+00	1.86899E-01	-1.84091E-01	9.64976E-01
2.76865E+00	1000010010	2.05379E+01	3.15697E-01	1.44395E-01	-3.59759E-01	-9.77996E-01	1.03803E-01	1.80968E-01	1000010010	2.05858E+01	2.65432E+00	5.58775E-01	-1.28154E+00	-7.69942E-01	-2.07064E-01	-6.03584E-01
1.37609E+02	1000010010	2.15709E+01	1.14500E-01	2.61301E-01	-4.10501E-01	-2.27989E-01	-5.38676E-01	8.11079E-01	1000010010	2.42312E+01	-3.32074E+00	-1.49615E+00	-2.09147E+00	7.99658E-01	3.59082E-01	-4.81256E-01
2.53555E+00	1000010010	3.98549E+01	4.20986E-01	7.55804E-02	-2.58888E-01	-9.52941E-01	-1.93934E-02	3.02534E-01	1000010010	3.99382E+01	2.65432E+00	5.58775E-01	-1.28154E+00	-9.40305E-01	-3.40120E-01	1.20028E-02
8.50346E+00	1000010010	2.60172E+01	-1.07472E-01	3.74545E-01	3.13179E-01	3.89509E-01	-5.77207E-01	-7.17715E-01	1000010010	2.62051E+01	-5.47967E+00	-1.88202E+00	5.22219E+00	2.43194E-01	9.07169E-01	-3.43366E-01
4.08344E+00	1000010010	9.05049E+01	-9.89017E-02	4.05981E-01	-2.74538E-01	6.26725E-01	9.26778E-02	7.73709E-01	1000010010	9.07647E+01	-2.61891E+00	-7.68981E-01	-3.19218E+00	5.84331E-01	5.59974E-01	5.87356E-01
2.76377E+00	1000010010	2.89214E+01	3.82616E-01	-3.14971E-01	-6.62575E-02	-8.95514E-01	-1.98752E-01	3.98187E-01	1000010010	2.89890E+01	2.65432E+00	5.58775E-01	-1.28154E+00	-8.09813E-01	-5.85582E-01	-3.59972E-02
1.28118E+01	1000010010	2.20998E+01	-2.69416E-02	3.15671E-01	3.86812E-01	8.78828E-01	1.73826E-01	-4.44349E-01	1000010010	2.23401E+01	-6.11974E+00	1.31430E+00	9.16687E+00	3.22493E-01	-8.76460E-01	-3.57513E-01
6.71283E+00	1000010010	2.38550E+01	2.54941E-01	4.24611E-02	4.27947E-01	-2.67276E-01	-3.40441E-01	-9.01479E-01	1000010010	2.39908E+01	1.86774E+00	-2.32982E+00	5.20418E+00	6.02378E-01	7.55777E-01	-2.56791E-01
4.26966E+00	1000010010	3.07624E+01	-3.26663E-01	3.77065E-01	-3.31286E-02	4.34095E-01	2.37987E-01	8.68863E-01	1000010010	3.08731E+01	-3.32074E+00	-1.49615E+00	-2.09147E+00	8.71259E-01	4.04923E-01	2.77388E-01
2.01149E+01	1000010010	2.41948E+01	-3.95223E-01	6.93768E-02	-2.98235E-01	2.10390E-01	-9.26045E-01	3.13333E-01	1000010010	2.46101E+01	2.65432E+00	5.58775E-01	-1.28154E+00	-6.71696E-01	1.50478E-01	-7.25383E-01
1.24898E+01	1000010010	2.93328E+01	-1.23777E-01	4.14282E-01	-2.51044E-01	7.07076E-01	-5.07443E-01	-4.92489E-01	1000010010	2.96434E+01	-6.11974E+00	1.31430E+00	9.16687E+00	5.59122E-01	-1.91848E-01	-8.06584E-01
3.01880E+00	1000010010	2.29063E+01	3.52465E-01	-3.25606E-01	-1.40382E-01	-8.81725E-01	6.81213E-02	4.66820E-01	1000010010	2.29648E+01	2.65432E+00	5.58775E-01	-1.28154E+00	-4.16714E-01	-9.02137E-01	-1.11795E-01
6.74436E+00	1000010010	3.33601E+01	1.06889E-01	4.43230E-01	2.05220E-01	-4.42873E-01	6.44270E-02	-8.94267E-01	1000010010	3.35491E+01	1.86774E+00	-2.32982E+00	5.20418E+00	5.39712E-01	7.10191E-01	-4.52039E-01
4.48384E+00	1000010010	2.05368E+01	-3.02939E-01	-2.49082E-01	3.10118E-01	9.92798E-01	1.18928E-01	-1.44103E-02	1000010010	2.06144E+01	-3.32074E+00	-1.49615E+00	-2.09147E+00	3.83102E-01	2.01863E-01	9.01379E-01
4.59187E+00	1000010010	2.91023E+01	-4.51117E-01	1.42361E-01	-1.61810E-01	4.38042E-01	3.69651E-01	8.19437E-01	1000010010	2.92153E+01	-3.32074E+00	-1.49615E+00	-2.09147E+00	7.49413E-01	-3.30550E-01	5.73687E-01
5.21204E+00	1000010010	2.09641E+01	-2.84519E-01	-4.97156E-02	-4.08028E-01	6.31634E-01	6.33243E-02	7.72676E-01	1000010010	2.10564E+01	-2.61891E+00	-7.68981E-01	-3.19218E+00	-7.22976E-02	5.33759E-03	9.97369E-01
2.81025E+01	1000010010	2.04290E+01	-1.82973E-02	-3.59188E-01	3.47331E-01	-9.79600E-01	1.90018E-01	-6.54031E-02	1000010010	2.09181E+01	2.65432E+00	5.58775E-01	-1.28154E+00	-1.34541E-01	-9.48318E-01	2.87387E-01
4.73814E+01	1000010010	2.38221E+01	4.85833E-01	-1.18014E-01	-3.68352E-03	-5.52829E-01	7.01507E-01	4.49742E-01	1000010010	2.47965E+01	1.26904E+01	6.12381E+00	3.42080E+00	-2.75042E-01	-1.81942E-02	-9.61260E-01
3.18660E+02	1000010010	2.30554E+01	-7.54109E-02	4.94185E-01	-8.24216E-03	-1.35716E-01	-8.76069E-01	-4.62693E-01	1000010010	3.01831E+01	-2.57255E-01	3.15800E+00	1.53770E+01	2.40336E-01	-6.55976E-01	7.15495E-01
1.56661E+01	1000010010	2.15434E+01	1.65880E-01	4.01569E-01	2.47298E-01	-2.15285E-01	-8.66510E-01	-4.50347E-01	1000010010	2.18301E+01	-1.16052E+00	6.98178E-01	3.65729E+00	8.64148E-01	4.63039E-01	-1.97087E-01
1.73427E+01	1000010010	5.53967E+01	2.86307E-01	-2.62494E-01	3.14819E-01	1.55804E-01	-4.74493E-01	-8.66361E-01	1000010010	5.61543E+01	-8.19431E+00	4.63785E+00	1.37925E+01	5.24522E-01	-4.36249E-01	-7.31139E-01
3.99837E+00	1000010010	2.61763E+01	-3.92857E-01	-1.57134E-01	-2.66394E-01	5.70293E-01	-3.87409E-01	7.24348E-01	1000010010	2.62650E+01	-3.32074E+00	-1.49615E+00	-2.09147E+00	8.18351E-01	5.74176E-01	2.49882E-02
4.32359E+00	1000010010	3.54233E+01	-4.74417E-01	-2.55234E-02	-1.55600E-01	7.89868E-01	-3.55160E-01	4.99971E-01	1000010010	3.55511E+01	-3.32074E+00	-1.49615E+00	-2.09147E+00	2.62311E-01	8.94686E-01	3.61566E-01
2.68212E+00	1000010010	2.10216E+01	4.17739E-01	-8.19608E-02	-2.62185E-01	-9.73040E-01	-4.54311E-02	2.26119E-01	1000010010	2.10692E+01	2.65432E+00	5.58775E-01	-1.28154E+00	-8.06984E-01	-3.87096E-01	-4.46019E-01
9.63088E+00	1000010010	2.91205E+01	-4.07466E-01	2.34732E-01	-1.69637E-01	8.80080E-01	-2.94686E-01	3.72316E-01	1000010010	2.93581E+01	-7.12765E+00	-1.32533E+00	4.62603E+00	6.35883E-01	7.14678E-01	-2.91356E-01
2.97502E+00	1000010010	3.82932E+01	2.94156E-01	3.04645E-02	4.03165E-01	-8.46275E-01	-1.17986E-02	5.32615E-01	1000010010	3.83875E+01	2.65432E+00	5.58775E-01	-1.28154E+00	-9.13425E-01	-3.42860E-01	2.19323E-01
5.82150E+01	1000010010	2.40022E+01	4.16762E-01	5.33633E-02	2.71022E-01	-2.99991E-01	-9.25048E-01	2.33007E-01	1000010010	2.52141E+01	-8.19431E+00	4.63785E+00	1.37925E+01	2.36364E-01	-9.58078E-01	-1.61919E-01
1.17823E+01	1000010010	2.62502E+01	-4.29333E-01	2.55929E-01	-1.07541E-02	8.52356E-01	-2.61206E-01	-4.53056E-01	1000010010	2.65132E+01	-6.11974E+00	1.31430E+00	9.16687E+00	3.27227E-01	-6.43101E-01	-6.92346E-01
2.70695E+00	1000010010	2.50680E+01	2.90508E-01	2.45646E-01	-3.24427E-01	-9.65212E-01	1.17182E-01	2.33739E-01	1000010010	2.51255E+01	2.65432E+00	5.58775E-01	-1.28154E+00	-8.82340E-01	-2.30646E-01	-4.10217E-01
6.07849E+00	1000010010	2.97846E+01	3.57940E-01	-1.50069E-01	3.15117E-01	-1.54176E-01	1.75551E-01	-9.72323E-01	1000010010	2.99376E+01	1.86774E+00	-2.32982E+00	5.20418E+00	-6.39015E-01	4.04393E-01	-6.54313E-01
2.69853E+00	1000010010	2.36006E+01	4.25306E-01	-1.97339E-01	-1.73633E-01	-9.30584E-01	-3.51401E-02	3.64389E-01	1000010010	2.36545E+01	2.65432E+00	5.58775E-01	-1.28154E+00	-7.19186E-01	-6.70874E-01	-1.80830E-01
2.79809E+00	1000010010	2.37429E+01	4.17533E-01	-2.69626E-01	5.42763E-02	-8.60148E-01	-2.40042E-01	4.50029E-01	1000010010	2.37992E+01	2.65432E+00	5.58775E-01	-1.28154E+00	-8.52588E-01	-5.00889E-01	-1.49010E-01
2.70192E+00	1000010010	2.14763E+01	4.88941E-01	1.04325E-01	7.18081E-03	-9.02700E-01	7.64299E-02	4.23428E-01	1000010010	2.15253E+01	2.65432E+00	5.58775E-01	-1.28154E+00	-8.90775E-01	-3.05178E-01	-3.36730E-01
2.60480E+00	1000010010	2.88427E+01	3.83463E-01	-5.29524E-02	-3.16363E-01	-9.73993E-01	-1.78418E-02	2.25873E-01	1000010010	2.89061E+01	2.65432E+00	5.58775E-01	-1.28154E+00	-8.75926E-01	-4.47299E-01	-1.80770E-01
1.59367E+02	1000010010	2.27449E+01	-2.61858E-01	3.47125E-01	-2.46741E-01	6.86233E-01	-2.28050E-01	6.90708E-01	1000010010	2.60278E+01	-7.77426E+00	1.36205E+00	1.82090E+00	-8.42761E-01	-4.94021E-01	2.13769E-01
1.79368E+01	1000010010	5.78906E+01	-8.96663E-02	4.77472E-01	1.18043E-01	8.11398E-01	-3.12351E-01	-4.94035E-01	1000010010	5.87028E+01	-8.19431E+00	4.63785E+00	1.37925E+01	-1.17048E-02	-3.24794E-01	-9.45712E-01
8.87182E+00	1000010010	2.17090E+01	-1.67701E-01	1.06593E-01	4.58811E-01	6.89574E-01	-6.87108E-01	-2.28846E-01	1000010010	2.18721E+01	-5.47967E+00	-1.88202E+00	5.22219E+00	4.54584E-01	8.90286E-01	-2.72924E-02
2.76321E+00	1000010010	2.93489E+01	1.49496E-01	1.25454E-01	-4.60305E-01	-9.80710E-01	6.35007E-02	1.84865E-01	1000010010	2.94174E+01	2.65432E+00	5.58775E-01	-1.28154E+00	-8.88870E-01	-3.18218E-01	-3.29616E-01
5.77599E+00	1000010010	2.13348E+01	3.90491E-01	-3.12005E-01	1.28167E-02	-1.48774E-01	6.35085E-01	7.57979E-01	1000010010	2.14389E+01	-2.61891E+00	-7.68981E-01	-3.19218E+00	9.97791E-01	-9.47789E-03	6.57448E-02
3.75574E+00	1000010010	7.45398E+01	1.59907E-01	-1.64929E-02	4.73451E-01	-1.74239E-01	-5.99400E-01	-7.81256E-01	1000010010	8.21034E+01	8.60168E-01	1.30959E+00	3.89681E+00	-1.32905E-01	-3.86793E-01	-9.12539E-01
1.17761E+01	1000010010	2.15604E+01	7.26264E-03	-3.31841E-01	-3.73935E-01	8.52582E-01	-2.08997E-01	4.78983E-01	1000010010	2.17756E+01	-7.12765E+00	-1.32533E+00	4.62603E+00	4.90705E-01	8.48332E-01	-1.98852E-01
2.81859E+00	1000010010	2.15557E+01	4.67599E-01	-1.74526E-01	-2.91225E-02	-8.41494E-01	3.20738E-02	5.39313E-01	1000010010	2.16070E+01	2.65432E+00	5.58775E-01	-1.28154E+00	-5.78711E-01	-7.98393E-01	-1.66320E-01
2.66925E+00	1000010010	2.18390E+01	3.97828E-01	-1.19701E-01	-2.78076E-01	-9.74133E-01	-2.00091E-02	2.25086E-01	1000010010	2.18883E+01	2.65432E+00	5.58775E-01	-1.28154E+00	-7.84227E-01	-5.09257E-01	-3.54464E-01
2.78696E+00	1000010010	2.26676E+01	2.67292E-01	-5.36207E-02	-4.19070E-01	-9.56398E-01	2.35889E-01	1.72218E-01	1000010010	2.60863E+01	2.65432E+00	5.58775E-01	-1.28154E+00	-6.55672E-01	-7.29333E-01	-1.95365E-01
2.74259E+01	1000010010	2.80796E+01	3.84414E-02	-1.48522E-01	-4.75833E-01	-7.22091E-01	-3.72237E-01	5.83116E-01	1000010010	2.87375E+01	1.02554E+01	1.38098E+01	-1.25621E+01	-2.78712E-01	-8.88192E-01	3.65287E-01
4.40063E+00	1000010010	2.46924E+01	-2.93088E-01	-3.22195E-01	2.45423E-01	9.98071E-01	1.62968E-02	-5.98993E-02	1000010010	2.47845E+01	-3.32074E+00	-1.49615E+00	-2.09147E+00	3.25061E-01	2.99166E-01	8.97126E-01
1.89646E+01	1000010010	2.25721E+01	1.79060E-01	-4.66146E-01	2.51723E-02	-9.67425E-02	8.66215E-01	-4.90217E-01	1000010010	2.29367E+01	-6.34195E+00	-2.62298E+00	7.41010E+00	6.55946E-01	-7.28392E-01	1.97937E-01
1.24431E+01	1000010010	2.18417E+01	1.03349E-01	-4.84147E-01	-6.98293E-02	2.42567E-01	8.23040E-01	-5.13581E-01	1000010010	2.20723E+01	-6.34195E+00	-2.62298E+00	7.41010E+00	5.54301E-01	6.57051E-01	-5.10916E-01
4.43911E+01	1000010010	2.68090E+01	3.39342E-01	3.66993E-01	9.19093E-03	-7.63984E-01	-5.28927E-01	3.69547E-01	1000010010	2.78343E+01	2.65432E+00	5.58775E-01	-1.28154E+00	-8.64153E-01	2.08290E-01	4.58099E-01
1.58553E+01	1000010010	2.05222E+01	1.34212E-01	-4.81580E-01	-3.64719E-03	-2.87560E-01	5.95942E-01	-7.49775E-01	1000010010	2.07979E+01	-6.11974E+00	1.31430E+00	9.16687E+00	6.60717E-01	-7.04169E-01	-2.59998E-01
2.22250E+01	1000010010	2.55337E+01	-9.15115E-02	-1.06221E-01	-4.79890E-01	6.95978E-01	-4.75279E-02	7.16489E-01	1000010010	2.60185E+01	-6.34195E+00	-2.62298E+00	7.41010E+00	3.28267E-01	-9.26230E-02	-9.40033E-01
6.62140E+00	1000010010	6.07854E+01	-3.11136E-02	4.95023E-01	-6.30923E-02	8.49599E-01	-4.32741E-01	-3.01524E-01	1000010010	6.10961E+01	-4.98126E+00	3.74791E+00	2.45565E+00	5.36313E-01	-7.92182E-01	-2.91232E-01
4.58257E+00	1000010010	4.08969E+01	-3.29545E-01	-4.15335E-02	3.73711E-01	8.86002E-01	4.60889E-01	-5.08132E-02	1000010010	4.10510E+01	-3.32074E+00	-1.49615E+00	-2.09147E+00	3.23562E-01	2.40360E-01	9.15169E-01
2.76792E+00	1000010010	2.91440E+01	1.45982E-01	1.35011E-01	-4.58721E-01	-9.79749E-01	6.48341E-02	1.89443E-01	1000010010	2.92122E+01	2.65432E+00	5.58775E-01	-1.28154E+00	-8.88123E-01	-3.11216E-01	-3.38203E-01
2.83584E+00	1000010010	4.65806E+01	2.24131E-02	3.68165E-01	-3.37535E-01	-9.57627E-01	-2.13153E-02	2.87223E-01	1000010010	4.66873E+01	2.65432E+00	5.58775E-01	-1.28154E+00	-9.84353E-01	-1.66092E-01	-5.88457E-02
1.79906E+01	1000010010	2.81181E+01	4.90411E-01	-8.25049E-02	-5.17954E-02	-6.91330E-01	-5.52246E-01	-4.65926E-01	1000010010	2.85486E+01	1.26904E+01	6.12381E+00	3.42080E+00	-6.01641E-01	1.63184E-01	7.81920E-01
4.37761E+00	1000010010	2.01305E+01	-4.85972E-01	-8.70489E-02	7.85295E-02	9.19632E-01	3.05581E-01	-2.46774E-01	1000010010	2.02047E+01	-3.32074E+00	-1.49615E+00	-2.09147E+00	4.08634E-01	2.65075E-02	9.12313E-01
2.49291E+01	1000010010	3.12362E+01	-1.38501E-01	-2.20841E-01	-4.26576E-01	-3.56347E-01	3.60584E-01	8.61972E-01	1000010010	3.18975E+01	1.26904E+01	6.12381E+00	3.42080E+00	-3.43695E-01	5.97635E-01	-7.24366E-01
2.91038E+01	1000010010	2.25882E+01	4.50865E-01	1.86621E-01	1.08987E-01	1.22611E-01	-5.36582E-01	-8.34893E-01	1000010010	2.31507E+01	-2.61891E+00	-7.68981E-01	-3.19218E+00	-9.59428E-01	-9.71759E-02	2.64679E-01
2.61089E+00	1000010010	2.54407E+01	4.68012E-01	1.42123E-01	-1.03471E-01	-9.31707E-01	8.21010E-02	3.53811E-01	1000010010	2.54970E+01	2.65432E+00	5.58775E-01	-1.28154E+00	-9.24876E-01	-3.15744E-01	-2.11919E-01
2.68420E+00	1000010010	3.24035E+01	2.31039E-01	1.72155E-02	-4.43077E-01	-9.85550E-01	3.37064E-02	1.65999E-01	1000010010	3.24765E+01	2.65432E+00	5.58775E-01	-1.28154E+00	-8.91395E-01	-4.04946E-01	-2.03550E-01
5.13257E+00	1000010010	2.17051E+01	2.44586E-01	-4.28923E-01	-7.87324E-02	2.62060E-01	8.21507E-01	5.06409E-01	1000010010	2.17993E+01	-2.61891E+00	-7.68981E-01	-3.19218E+00	3.37040E-01	-1.89979E-01	9.22124E-01
3.93569E+00	1000010010	3.93053E+01	-3.04940E-01	-4.36157E-02	-3.93737E-01	7.34400E-01	1.87848E-01	6.52204E-01	1000010010	3.94331E+01	-3.32074E+00	-1.49615E+00	-2.09147E+00	8.30513E-01	-1.84834E-02	5.56693E-01
4.53225E+00	1000010010	2.42611E+01	-4.49268E-01	-5.83867E-02	-2.11467E-01	9.23725E-01	2.70615E-01	-2.71107E-01	1000010010	2.43543E+01	-3.32074E+00	-1.49615E+00	-2.09147E+00	3.53262E-01	2.96926E-02	9.35053E-01
3.89856E+00	1000010010	4.14624E+01	-2.85517E-01	-2.01573E-01	-3.57455E-01	7.53831E-01	1.37301E-01	6.42563E-01	1000010010	4.15951E+01	-3.32074E+00	-1.49615E+00	-2.09147E+00	8.25084E-01	-4.07887E-02	5.63535E-01
1.10762E+02	1000010010	2.81003E+01	-2.54670E-01	4.22004E-01	8.39744E-02	-6.24037E-01	-4.15980E-01	-6.61466E-01	1000010010	3.08518E+01	-3.32074E+00	-1.49615E+00	-2.09147E+00	9.72610E-01	2.10041E-01	9.95658E-02
3.99758E+00	1000010010	2.61709E+01	-3.32338E-01	7.97900E-02	-3.64808E-01	6.52302E-01	-1.85773E-01	7.34840E-01	1000010010	2.62596E+01	-3.32074E+00	-1.49615E+00	-2.09147E+00	8.78776E-01	4.54570E-01	1.45324E-01
5.85689E+00	1000010010	4.39156E+01	4.12068E-01	-2.32817E-01	1.61029E-01	-4.19952E-01	5.86188E-01	-6.92838E-01	1000010010	4.41253E+01	1.86774E+00	-2.32982E+00	5.20418E+00	-3.56631E-01	4.99971E-02	-9.32907E-01
6.27250E+00	1000010010	2.17876E+02	-4.17033E-01	2.70179E-01	-5.49373E-02	7.57449E-01	-5.70145E-01	-3.18128E-01	1000010010	2.72956E+02	-4.98126E+00	3.74791E+00	2.45565E+00	6.59803E-01	-6.05963E-01	-4.44375E-01
2.60311E+00	1000010010	5.19844E+01	3.50057E-01	-1.28788E-01	-3.32914E-01	-9.56101E-01	-1.27231E-01	2.63977E-01	1000010010	5.20918E+01	2.65432E+00	5.58775E-01	-1.28154E+00	-9.02564E-01	-4.21319E-01	8.87024E-02
1.48202E+02	1000010010	2.10010E+01	8.28341E-02	4.87948E-01	-7.08722E-02	-6.92243E-01	-2.44342E-01	6.79041E-01	1000010010	2.38011E+01	-7.12765E+00	-1.32533E+00	4.62603E+00	-5.11056E-01	-6.94532E-01	5.06406E-01
5.88215E+01	1000010010	2.20019E+01	3.41151E-01	2.45927E-01	-2.70435E-01	1.71494E-01	8.16495E-02	9.81796E-01	1000010010	2.88447E+01	-8.19431E+00	4.63785E+00	1.37925E+01	7.04534E-01	3.13611E-01	-6.36616E-01
2.59278E+00	1000010010	2.72323E+01	4.12260E-01	1.35729E-01	-2.48204E-01	-9.59431E-01	6.91027E-02	2.73345E-01	1000010010	2.72921E+01	2.65432E+00	5.58775E-01	-1.28154E+00	-9.18648E-01	-3.12878E-01	-2.41231E-01
3.82051E+00	1000010010	1.28352E+02	-7.69596E-02	-7.12729E-03	-4.93959E-01	7.06985E-01	-2.38732E-02	7.06825E-01	1000010010	1.28664E+02	-2.61891E+00	-7.68981E-01	-3.19218E+00	6.50242E-01	4.18889E-01	6.33812E-01
2.77400E+00	1000010010	4.95344E+01	2.17476E-01	-2.96763E-01	-3.38540E-01	-9.61451E-01	-1.52465E-01	2.28837E-01	1000010010	4.96443E+01	2.65432E+00	5.58775E-01	-1.28154E+00	-8.54707E-01	-5.14078E-01	7.21028E-02
8.14573E+00	1000010010	2.05734E+01	-3.23767E-01	1.80993E-01	3.35263E-01	1.61556E-01	-9.51119E-01	2.63196E-01	1000010010	2.07149E+01	-4.98126E+00	3.74791E+00	2.45565E+00	2.01526E-01	6.80891E-01	-7.04113E-01
3.92383E+00	1000010010	3.95320E+01	-9.66324E-02	3.87954E-01	3.00128E-01	-4.28629E-01	-6.14080E-01	-6.62709E-01	1000010010	3.96600E+01	8.60168E-01	1.30959E+00	3.89681E+00	-1.68170E-01	-3.72788E-01	-9.12550E-01
5.00062E+00	1000010010	2.02885E+01	-2.64094E-01	-1.30920E-01	-4.03839E-01	9.87553E-01	1.51734E-01	4.14276E-02	1000010010	2.03740E+01	-3.32074E+00	-1.49615E+00	-2.09147E+00	-1.95086E-01	3.97811E-01	8.96486E-01
1.16768E+01	1000010010	2.86924E+01	-4.49745E-01	2.18345E-01	5.36915E-03	7.41176E-01	5.33115E-02	-6.69191E-01	1000010010	2.89766E+01	-6.11974E+00	1.31430E+00	9.16687E+00	2.83289E-01	-5.88600E-01	-7.57164E-01
2.77610E+00	1000010010	2.01999E+01	3.42278E-01	2.09983E-01	-2.97847E-01	-9.64533E-01	1.42366E-01	2.22279E-01	1000010010	2.02471E+01	2.65432E+00	5.58775E-01	-1.28154E+00	-7.72780E-01	-1.74499E-01	-6.10214E-01
2.91729E+00	1000010010	2.39533E+01	1.62061E-01	4.60596E-01	-1.07599E-01	-9.64352E-01	2.13418E-01	1.56453E-01	1000010010	2.40125E+01	2.65432E+00	5.58775E-01	-1.28154E+00	-9.12723E-01	-1.81079E-01	-3.66260E-01
2.69595E+00	1000010010	3.16579E+01	3.39777E-01	-2.34370E-01	-2.82084E-01	-9.63090E-01	-7.83563E-02	2.57522E-01	1000010010	3.17297E+01	2.65432E+00	5.58775E-01	-1.28154E+00	-8.01691E-01	-5.94345E-01	-6.36135E-02
8.64024E+00	1000010010	2.35085E+01	-4.43541E-01	2.07733E-01	-1.00338E-01	5.71331E-01	-4.46495E-01	6.88638E-01	1000010010	2.36810E+01	-4.98126E+00	3.74791E+00	2.45565E+00	9.74983E-01	-2.09181E-01	7.51732E-02
4.97567E+00	1000010010	2.10651E+01	-1.77584E-01	-2.94126E-01	-3.63219E-01	9.99066E-01	-1.80484E-04	-4.32010E-02	1000010010	2.11537E+01	-3.32074E+00	-1.49615E+00	-2.09147E+00	-2.51813E-01	4.89722E-01	8.34723E-01
1.17525E+01	1000010010	3.78521E+01	-4.32635E-01	-4.78248E-02	2.45955E-01	7.73197E-01	2.52192E-01	-5.81864E-01	1000010010	3.82221E+01	-6.11974E+00	1.31430E+00	9.16687E+00	7.30586E-01	-5.84964E-01	-3.52223E-01
4.33188E+00	1000010010	2.26783E+01	-4.03000E-01	-2.58927E-01	1.43082E-01	9.81089E-01	8.47803E-02	-1.74003E-01	1000010010	2.27615E+01	-3.32074E+00	-1.49615E+00	-2.09147E+00	3.46584E-01	2.02802E-01	9.15833E-01
1.16556E+01	1000010010	3.93379E+01	1.30201E-03	3.11611E-01	3.91006E-01	7.03823E-01	7.15502E-02	-7.06763E-01	1000010010	3.97176E+01	-6.11974E+00	1.31430E+00	9.16687E+00	7.40674E-01	-5.30502E-01	-4.12273E-01
2.67367E+00	1000010010	4.12290E+01	2.09770E-01	3.18144E-02	-4.52694E-01	-9.81306E-01	-4.83457E-03	1.92393E-01	1000010010	4.13195E+01	2.65432E+00	5.58775E-01	-1.28154E+00	-9.24975E-01	-3.69295E-01	-8.96849E-02
3.95262E+00	1000010010	3.83684E+01	-3.47853E-01	-2.81206E-01	-2.23302E-01	7.07287E-01	1.26530E-01	6.95511E-01	1000010010	3.84940E+01	-3.32074E+00	-1.49615E+00	-2.09147E+00	7.94226E-01	-1.22915E-01	5.95060E-01
2.73753E+00	1000010010	2.39785E+01	2.69096E-01	2.37150E-01	-3.48299E-01	-9.68240E-01	1.13440E-01	2.22806E-01	1000010010	2.40341E+01	2.65432E+00	5.58775E-01	-1.28154E+00	-8.56507E-01	-2.20951E-01	-4.66452E-01
6.27016E+02	1000010010	2.83257E+01	-3.04409E-01	-3.76758E-01	-1.23930E-01	9.69473E-01	2.20935E-01	1.06350E-01	1000010010	4.76167E+01	1.30458E+01	1.12092E+01	-3.98931E-03	-4.52761E-01	8.17575E-01	3.55779E-01
2.77504E+00	1000010010	2.12040E+01	2.88508E-01	5.77578E-02	-4.04229E-01	-9.41671E-01	2.75022E-01	1.93957E-01	1000010010	2.12536E+01	2.65432E+00	5.58775E-01	-1.28154E+00	-6.33266E-01	-6.88729E-01	-3.53024E-01
2.83620E+00	1000010010	2.24400E+01	1.96321E-01	2.97161E-01	-3.50888E-01	-9.66578E-01	1.12730E-01	2.30259E-01	1000010010	2.24938E+01	2.65432E+00	5.58775E-01	-1.28154E+00	-8.15505E-01	-1.68774E-01	-5.53595E-01
4.01733E+00	1000010010	3.58106E+01	-4.30973E-01	1.75367E-01	-1.83045E-01	5.67538E-01	2.95172E-02	8.22818E-01	1000010010	3.59306E+01	-3.32074E+00	-1.49615E+00	-2.09147E+00	7.99003E-01	5.82522E-01	1.49206E-01
2.72143E+00	1000010010	2.29004E+01	2.79620E-01	-3.43694E-02	-4.13020E-01	-9.90475E-01	6.87282E-02	1.19314E-01	1000010010	2.29531E+01	2.65432E+00	5.58775E-01	-1.28154E+00	-7.92824E-01	-4.44704E-01	-4.16737E-01
1.46143E+01	1000010010	2.93734E+01	-3.29437E-01	-8.09367E-02	-3.67260E-01	5.98861E-01	3.45655E-01	7.22418E-01	1000010010	2.97377E+01	-7.75531E+00	1.35758E+00	1.90321E+00	5.72453E-01	-3.15238E-01	-7.56916E-01
2.80251E+00	1000010010	2.85482E+01	1.49592E-01	-7.18185E-02	-4.71621E-01	-9.85044E-01	1.14841E-01	1.28453E-01	1000010010	2.86158E+01	2.65432E+00	5.58775E-01	-1.28154E+00	-7.86935E-01	-5.75089E-01	-2.23619E-01
2.78472E+01	1000010010	2.22435E+01	-1.64007E-01	-4.69368E-01	5.22826E-02	-1.38737E-01	6.64500E-01	-7.34297E-01	1000010010	2.27730E+01	-1.16052E+00	6.98178E-01	3.65729E+00	3.66436E-01	7.26127E-01	5.81777E-01
1.35074E+02	1000010010	3.45203E+01	-4.89298E-01	-9.83227E-02	-2.94997E-02	9.86244E-01	1.23021E-01	-1.10406E-01	1000010010	3.86208E+01	-2.61891E+00	-7.68981E-01	-3.19218E+00	-3.79332E-01	-5.82346E-01	-7.19014E-01
1.27871E+01	1000010010	2.24236E+01	-2.95446E-01	-2.94467E-01	2.75604E-01	5.22063E-01	4.94869E-01	-6.94662E-01	1000010010	2.26671E+01	-7.75531E+00	1.35758E+00	1.90321E+00	6.74131E-01	7.05513E-02	7.35235E-01
1.09623E+01	1000010010	2.21881E+01	-1.46707E-02	2.29604E-01	4.43875E-01	4.25886E-01	-8.52505E-01	-3.03079E-01	1000010010	2.23945E+01	-3.32074E+00	-1.49615E+00	-2.09147E+00	-9.26909E-01	3.10576E-01	-2.10672E-01
3.86602E+01	1000010010	2.28217E+01	1.00935E-01	3.34417E-01	3.57645E-01	-4.46257E-01	-5.52160E-01	-7.04254E-01	1000010010	2.35801E+01	1.86774E+00	-2.32982E+00	5.20418E+00	-4.83506E-01	-8.11181E-01	3.28950E-01
2.86712E+00	1000010010	2.17705E+01	4.25280E-01	-1.86717E-01	1.85112E-01	-8.29144E-01	-2.08079E-01	5.18867E-01	1000010010	2.18233E+01	2.65432E+00	5.58775E-01	-1.28154E+00	-8.83261E-01	-4.15070E-01	-2.18098E-01
5.42827E+00	1000010010	2.02405E+01	-3.26232E-01	-4.40992E-02	-3.76325E-01	9.21202E-01	3.39324E-01	1.90382E-01	1000010010	2.03331E+01	-3.32074E+00	-1.49615E+00	-2.09147E+00	-3.38960E-01	4.48997E-01	8.26745E-01
8.31658E+01	1000010010	2.16934E+01	-1.43364E-01	1.45173E-01	-4.56464E-01	-4.30885E-01	-8.60102E-01	2.73061E-01	1000010010	2.32721E+01	-2.57255E-01	3.15800E+00	1.53770E+01	-8.34097E-01	-4.04404E-01	-3.75153E-01
4.35803E+00	1000010010	4.35008E+01	-4.25535E-01	2.32728E-01	1.21398E-01	8.04475E-01	8.09209E-02	5.88448E-01	1000010010	4.36555E+01	-3.32074E+00	-1.49615E+00	-2.09147E+00	3.36813E-01	8.20336E-01	4.62174E-01
2.97287E+01	1000010010	2.51851E+01	-1.29492E-01	2.68950E-01	-4.01089E-01	-2.57055E-01	-3.74535E-02	9.65671E-01	1000010010	2.58267E+01	1.30458E+01	1.12092E+01	-3.98931E-03	-8.53397E-01	2.69234E-01	4.46347E-01
4.49910E+00	1000010010	2.84849E+01	-4.93937E-01	4.99614E-02	-5.92429E-02	8.22453E-01	4.60679E-01	-3.33685E-01	1000010010	2.85933E+01	-3.32074E+00	-1.49615E+00	-2.09147E+00	3.75345E-01	5.70796E-02	9.25126E-01
2.54623E+00	1000010010	3.47521E+01	4.70570E-01	2.69093E-02	-1.66554E-01	-9.35358E-01	-4.19294E-02	3.51209E-01	1000010010	3.48260E+01	2.65432E+00	5.58775E-01	-1.28154E+00	-9.28709E-01	-3.70808E-01	6.67531E-04
2.82423E+00	1000010010	2.07994E+01	2.49152E-01	1.06527E-01	-4.20209E-01	-9.28559E-01	3.19170E-01	1.89495E-01	1000010010	2.08490E+01	2.65432E+00	5.58775E-01	-1.28154E+00	-6.11640E-01	-6.99515E-01	-3.69560E-01
3.56688E+00	1000010010	1.06340E+02	-5.90693E-02	4.04750E-01	2.87508E-01	2.52685E-01	-2.27938E-01	-9.40316E-01	1000010010	1.18710E+02	-1.16052E+00	6.98178E-01	3.65729E+00	2.32701E-01	-4.56376E-02	-9.71477E-01
3.57525E+00	1000010010	5.49051E+01	1.49972E-01	-5.32702E-02	4.73953E-01	3.93672E-01	-5.76458E-01	-7.16044E-01	1000010010	5.50594E+01	-1.16052E+00	6.98178E-01	3.65729E+00	1.78082E-01	-6.70010E-02	-9.81732E-01
3.52867E+01	1000010010	2.36388E+01	-1.73234E-01	2.45293E-01	3.99777E-01	-5.30060E-01	-4.26797E-01	-7.32722E-01	1000010010	2.43552E+01	1.02554E+01	1.38098E+01	-1.25621E+01	5.62932E-01	-7.89536E-01	-2.44419E-01
2.19289E+02	1000010010	2.11083E+01	1.81502E-01	-4.37401E-01	-1.60215E-01	-4.51908E-01	5.83691E-01	6.74599E-01	1000010010	2.54063E+01	-2.57255E-01	3.15800E+00	1.53770E+01	5.90499E-01	2.92814E-01	-7.52045E-01
2.65478E+00	1000010010	2.40465E+01	4.99623E-01	-1.71387E-02	-3.82920E-03	-8.96423E-01	-5.69084E-02	4.39531E-01	1000010010	2.41006E+01	2.65432E+00	5.58775E-01	-1.28154E+00	-9.06307E-01	-3.79440E-01	-1.86097E-01
8.32257E+00	1000010010	2.12790E+01	-1.59110E-02	4.85672E-01	1.17358E-01	1.96805E-01	-9.37900E-01	-2.85676E-01	1000010010	2.14288E+01	-4.98126E+00	3.74791E+00	2.45565E+00	2.72697E-01	7.51223E-01	-6.01083E-01
3.79015E+00	1000010010	6.65385E+01	-8.00722E-02	2.88271E-01	4.00553E-01	-3.18082E-01	-5.52647E-01	-7.70328E-01	1000010010	6.67294E+01	8.60168E-01	1.30959E+00	3.89681E+00	-1.79495E-01	-3.54565E-01	-9.17641E-01
4.51625E+00	1000010010	2.30263E+01	-4.44355E-01	-9.41544E-02	-2.08876E-01	9.45319E-01	2.09939E-01	-2.49596E-01	1000010010	2.31144E+01	-3.32074E+00	-1.49615E+00	-2.09147E+00	3.55963E-01	1.96230E-02	9.34294E-01
3.62141E+01	1000010010	2.21392E+01	-9.60306E-02	4.80276E-01	1.00159E-01	3.87313E-01	-9.21945E-01	-2.57242E-03	1000010010	2.28269E+01	8.60168E-01	1.30959E+00	3.89681E+00	-1.34113E-01	-9.75151E-01	-1.76333E-01
2.88800E+00	1000010010	3.38654E+01	-1.25306E-02	2.33539E-01	-4.41926E-01	-9.66002E-01	1.30181E-02	2.58208E-01	1000010010	3.39473E+01	2.65432E+00	5.58775E-01	-1.28154E+00	-9.28799E-01	-2.44130E-01	-2.78805E-01
4.18613E+02	1000010010	2.83615E+01	1.44630E-03	-3.40879E-01	-3.65678E-01	-1.85493E-01	8.39290E-01	5.11061E-01	1000010010	4.02379E+01	-2.61891E+00	-7.68981E-01	-3.19218E+00	8.05623E-01	5.91723E-01	-2.88871E-02
7.99722E+00	1000010010	3.37708E+01	-3.99211E-01	9.35507E-02	2.85989E-01	8.58420E-01	-3.67758E-01	-3.57587E-01	1000010010	3.39975E+01	-5.47967E+00	-1.88202E+00	5.22219E+00	3.89644E-01	5.75916E-01	-7.18678E-01
4.59341E+01	1000010010	2.24639E+01	2.99346E-01	-3.67661E-01	1.58725E-01	-5.57601E-01	8.25566E-01	8.67327E-02	1000010010	2.33533E+01	-3.32074E+00	-1.49615E+00	-2.09147E+00	-7.36008E-01	4.89152E-01	4.67999E-01
5.25277E+00	1000010010	2.02218E+01	-3.78425E-01	-1.29778E-01	-2.99896E-01	9.26580E-01	2.90199E-01	2.39236E-01	1000010010	2.03113E+01	-3.32074E+00	-1.49615E+00	-2.09147E+00	-3.65242E-01	5.15443E-01	7.75188E-01
8.39369E+00	1000010010	2.28763E+01	-3.37771E-01	1.80642E-01	3.21359E-01	5.71279E-01	-6.83879E-01	4.53817E-01	1000010010	2.30392E+01	-4.98126E+00	3.74791E+00	2.45565E+00	9.85662E-01	-1.02988E-01	1.33659E-01
2.69537E+00	1000010010	2.31848E+01	4.37688E-01	2.39836E-01	-2.96888E-02	-9.21275E-01	1.86844E-01	3.41089E-01	1000010010	2.32377E+01	2.65432E+00	5.58775E-01	-1.28154E+00	-9.17848E-01	-2.72172E-01	-2.88926E-01
5.22953E+01	1000010010	2.01825E+01	3.85199E-01	9.35190E-03	-3.18610E-01	-2.11274E-01	9.39764E-01	2.68712E-01	1000010010	2.10907E+01	-3.32074E+00	-1.49615E+00	-2.09147E+00	-1.78437E-01	8.06852E-01	5.63161E-01
6.35548E+00	1000010010	2.09656E+01	-7.85444E-02	-2.80046E-01	4.06694E-01	8.96410E-01	4.42969E-01	-1.50867E-02	1000010010	2.10782E+01	-2.61891E+00	-7.68981E-01	-3.19218E+00	-1.87947E-01	2.20561E-01	9.57094E-01
4.44602E+00	1000010010	2.27668E+01	-3.76286E-01	-2.71393E-01	-1.86274E-01	9.50077E-01	-1.58585E-02	-3.11613E-01	1000010010	2.28525E+01	-3.32074E+00	-1.49615E+00	-2.09147E+00	3.06699E-01	1.31918E-01	9.42621E-01
2.76321E+01	1000010010	2.16394E+01	2.72797E-02	4.93251E-01	-7.69838E-02	8.86472E-01	-4.59192E-01	5.75333E-02	1000010010	2.21499E+01	-7.75531E+00	1.35758E+00	1.90321E+00	-3.66701E-01	6.09567E-01	7.02821E-01
1.74749E+01	1000010010	6.59587E+01	4.01708E-01	-1.54307E-01	-2.54560E-01	-6.94888E-01	-7.01518E-01	-1.58123E-01	1000010010	6.68364E+01	1.30458E+01	1.12092E+01	-3.98931E-03	-6.27229E-01	-7.55939E-01	-1.87453E-01
3.98560E+00	1000010010	3.00835E+01	-2.48413E-01	4.03673E-02	-4.31958E-01	7.45492E-01	-1.85260E-01	6.40250E-01	1000010010	3.01847E+01	-3.32074E+00	-1.49615E+00	-2.09147E+00	8.42738E-01	5.29547E-01	9.68144E-02
2.80186E+00	1000010010	3.70159E+01	3.81123E-01	-3.18287E-01	5.82905E-02	-8.48678E-01	-2.66168E-01	4.57056E-01	1000010010	3.71021E+01	2.65432E+00	5.58775E-01	-1.28154E+00	-8.63447E-01	-4.91089E-01	1.15284E-01
4.65585E+00	1000010010	4.12909E+01	-1.86529E-01	-4.05137E-01	2.25967E-01	9.91874E-01	8.90333E-03	-1.26913E-01	1000010010	4.14488E+01	-3.32074E+00	-1.49615E+00	-2.09147E+00	1.99953E-01	3.82173E-01	9.02199E-01
2.61456E+00	1000010010	4.23366E+01	2.75149E-01	2.31965E-01	-3.47045E-01	-9.63781E-01	3.30176E-02	2.64644E-01	1000010010	4.24272E+01	2.65432E+00	5.58775E-01	-1.28154E+00	-9.65846E-01	-2.54482E-01	-4.87833E-02
1.33202E+02	1000010010	2.79256E+01	-6.33504E-02	3.21772E-01	3.77392E-01	8.19853E-01	-2.88892E-01	-4.94350E-01	1000010010	3.12451E+01	1.26904E+01	6.12381E+00	3.42080E+00	-7.85504E-01	6.06595E-01	1.22579E-01
2.63531E+00	1000010010	3.04706E+01	4.63541E-01	-1.64358E-01	-9.00407E-02	-9.06367E-01	-1.58759E-01	3.91528E-01	1000010010	3.05383E+01	2.65432E+00	5.58775E-01	-1.28154E+00	-8.82744E-01	-4.69244E-01	-2.39486E-02
4.30985E+01	1000010010	2.71508E+01	-3.47802E-01	-2.75799E-01	-2.30115E-01	8.26576E-01	-3.66530E-01	-4.27116E-01	1000010010	2.81580E+01	-6.34195E+00	-2.62298E+00	7.41010E+00	-9.40835E-01	-3.83446E-02	3.36689E-01
4.06596E+00	1000010010	2.89290E+01	-4.91360E-01	7.61516E-02	-5.24767E-02	4.93557E-01	-1.34193E-02	8.69610E-01	1000010010	2.90284E+01	-3.32074E+00	-1.49615E+00	-2.09147E+00	8.22021E-01	5.53681E-01	1.33113E-01
7.22856E+01	1000010010	2.39657E+01	3.94408E-01	2.97611E-01	-7.65647E-02	-9.60328E-01	-2.73448E-01	-5.47482E-02	1000010010	2.54773E+01	6.48707E+00	4.65064E+00	7.27527E+00	-9.97017E-01	5.75051E-02	-5.14878E-02
3.78659E+00	1000010010	6.37330E+01	-3.50868E-01	-7.63738E-03	-3.56021E-01	7.53908E-01	2.60447E-01	6.03150E-01	1000010010	6.39173E+01	-3.32074E+00	-1.49615E+00	-2.09147E+00	8.45846E-01	2.46068E-01	4.73281E-01
2.68899E+00	1000010010	6.66892E+01	1.61815E-01	3.29795E-01	-3.39126E-01	-9.53428E-01	-1.69243E-02	3.01146E-01	1000010010	6.68248E+01	2.65432E+00	5.58775E-01	-1.28154E+00	-9.80493E-01	-1.70159E-01	9.83792E-02
4.86200E+01	1000010010	2.16789E+01	-4.24994E-01	2.97185E-02	2.61713E-01	5.36131E-02	-1.55600E-01	-9.86364E-01	1000010010	2.25873E+01	1.30458E+01	1.12092E+01	-3.98931E-03	-3.23776E-01	-2.38175E-01	9.15665E-01
4.05855E+00	1000010010	3.73602E+01	-4.70111E-01	7.32644E-02	-1.53591E-01	5.57753E-01	-9.50111E-02	8.24551E-01	1000010010	3.74862E+01	-3.32074E+00	-1.49615E+00	-2.09147E+00	7.17850E-01	6.94201E-01	5.26802E-02
5.85275E+00	1000010010	3.84211E+01	3.52617E-01	-1.09547E-01	3.37050E-01	-4.55211E-01	6.32889E-01	-6.26286E-01	1000010010	3.86074E+01	1.86774E+00	-2.32982E+00	5.20418E+00	-3.94723E-01	2.40784E-02	-9.18485E-01
4.28060E+00	1000010010	3.99941E+01	-4.72059E-01	-1.54701E-01	-5.62188E-02	8.51291E-01	-3.28946E-01	4.08776E-01	1000010010	4.01353E+01	-3.32074E+00	-1.49615E+00	-2.09147E+00	2.67209E-01	8.31251E-01	4.87464E-01
4.46255E+00	1000010010	3.56074E+01	-3.87028E-01	1.24247E-01	2.91147E-01	7.20458E-01	1.37514E-01	6.79728E-01	1000010010	3.57399E+01	-3.32074E+00	-1.49615E+00	-2.09147E+00	4.16306E-01	8.44288E-01	3.37442E-01
4.50232E+00	1000010010	2.85806E+01	-3.85380E-01	1.16881E-01	2.96324E-01	8.05251E-01	5.70975E-01	-1.59871E-01	1000010010	2.86895E+01	-3.32074E+00	-1.49615E+00	-2.09147E+00	4.02653E-01	1.52206E-01	9.02609E-01
6.74083E+00	1000010010	2.70327E+01	1.97179E-01	2.15581E-01	4.05655E-01	-2.47616E-01	-5.26635E-01	-8.13229E-01	1000010010	2.71873E+01	1.86774E+00	-2.32982E+00	5.20418E+00	6.38754E-01	7.17621E-01	-2.77512E-01
5.35407E+00	1000010010	2.54518E+01	-4.81762E-01	-5.84096E-03	-1.33445E-01	4.42151E-01	4.07138E-01	7.99213E-01	1000010010	2.55674E+01	-2.61891E+00	-7.68981E-01	-3.19218E+00	-3.22891E-02	-1.88033E-01	9.81632E-01
2.90657E+00	1000010010	2.31051E+01	1.15075E-01	3.59134E-01	-3.28270E-01	-9.65070E-01	7.79513E-02	2.50126E-01	1000010010	2.31620E+01	2.65432E+00	5.58775E-01	-1.28154E+00	-8.29776E-01	-1.46698E-01	-5.38472E-01
1.02309E+02	1000010010	2.30137E+01	3.48906E-01	3.58054E-01	-1.65129E-03	-5.31942E-01	-7.96044E-01	-2.88707E-01	1000010010	2.50944E+01	-7.12765E+00	-1.32533E+00	4.62603E+00	4.50000E-01	6.85230E-01	-5.72678E-01
4.79626E+00	1000010010	2.81581E+01	-8.31851E-02	-1.83419E-01	-4.57611E-01	7.47402E-01	4.17320E-01	5.16947E-01	1000010010	2.82725E+01	-3.32074E+00	-1.49615E+00	-2.09147E+00	7.23713E-01	-4.45220E-01	5.27274E-01
1.67602E+01	1000010010	2.76902E+01	-3.52137E-01	-2.28980E-01	2.71178E-01	3.43662E-01	-1.74282E-01	-9.22780E-01	1000010010	2.80852E+01	-7.75531E+00	1.35758E+00	1.90321E+00	-3.39844E-01	3.32958E-02	9.39892E-01
1.04597E+01	1000010010	2.08850E+01	-2.99751E-01	-9.68257E-02	3.88176E-01	4.27870E-01	7.49168E-02	-9.00730E-01	1000010010	2.10699E+01	-7.12765E+00	-1.32533E+00	4.62603E+00	9.02086E-01	3.51448E-01	2.50451E-01
9.11664E+01	1000010010	2.33195E+01	-2.28061E-01	-2.14795E-01	3.89656E-01	9.21750E-01	-3.87550E-01	-1.34763E-02	1000010010	2.51895E+01	-8.19431E+00	4.63785E+00	1.37925E+01	-3.76503E-01	4.02752E-02	9.25540E-01
4.26696E+00	1000010010	3.08020E+01	-1.90047E-01	4.04713E-01	-2.23782E-01	5.80235E-01	1.66865E-01	7.97172E-01	1000010010	3.09128E+01	-3.32074E+00	-1.49615E+00	-2.09147E+00	8.88731E-01	3.49749E-01	2.96367E-01
1.59711E+02	1000010010	2.00384E+01	-1.61957E-02	4.97291E-01	4.92846E-02	-1.73316E-01	-2.59719E-01	-9.50004E-01	1000010010	2.29267E+01	6.48707E+00	4.65064E+00	7.27527E+00	4.16801E-01	-3.10151E-01	-8.54449E-01
2.71812E+00	1000010010	2.66608E+01	3.93377E-01	-2.54214E-01	-1.74906E-01	-9.32549E-01	-8.59218E-02	3.50671E-01	1000010010	2.67221E+01	2.65432E+00	5.58775E-01	-1.28154E+00	-7.47575E-01	-6.55894E-01	-1.04565E-01
2.59416E+00	1000010010	2.62709E+01	4.36719E-01	-2.70955E-02	-2.41840E-01	-9.60635E-01	-2.59125E-02	2.76604E-01	1000010010	2.63286E+01	2.65432E+00	5.58775E-01	-1.28154E+00	-8.84514E-01	-4.10357E-01	-2.21903E-01
5.73933E+01	1000010010	2.08499E+01	-2.90959E-01	-2.15164E-01	-3.44907E-01	3.89144E-01	5.11952E-01	7.65815E-01	1000010010	2.18837E+01	-5.47967E+00	-1.88202E+00	5.22219E+00	-3.52187E-01	-7.95629E-02	-9.32542E-01
2.77227E+00	1000010010	2.32873E+01	2.15523E-01	6.63492E-02	-4.46242E-01	-9.87960E-01	8.44665E-02	1.29616E-01	1000010010	2.33419E+01	2.65432E+00	5.58775E-01	-1.28154E+00	-8.12960E-01	-3.19684E-01	-4.86722E-01
3.28185E+02	1000010010	2.37518E+01	9.78295E-02	1.97681E-01	-4.48659E-01	-5.69921E-01	-3.63522E-01	7.36914E-01	1000010010	3.13405E+01	-2.24751E+01	3.10648E+00	3.71143E+01	-6.25130E-02	-1.70503E-01	-9.83372E-01
2.67742E+00	1000010010	2.15977E+01	4.27029E-01	-1.58329E-01	-2.06149E-01	-9.56608E-01	-8.26857E-02	2.79399E-01	1000010010	2.16466E+01	2.65432E+00	5.58775E-01	-1.28154E+00	-7.97388E-01	-5.03112E-01	-3.33242E-01
2.62331E+00	1000010010	2.38131E+01	4.23595E-01	6.37405E-03	-2.65408E-01	-9.67837E-01	4.67775E-03	2.51534E-01	1000010010	2.38660E+01	2.65432E+00	5.58775E-01	-1.28154E+00	-8.64615E-01	-3.66732E-01	-3.43436E-01
2.81735E+00	1000010010	4.37620E+01	3.92374E-02	4.96994E-02	-4.95970E-01	-9.80706E-01	5.71244E-03	1.95406E-01	1000010010	4.38625E+01	2.65432E+00	5.58775E-01	-1.28154E+00	-9.30043E-01	-3.51078E-01	-1.08466E-01
